400 
 4.900000
P 0 0 0.716746 0.448666 0.0714184 0.791116 0.430217 0.0990446 163 66
P 1 0 0.713733 0.545723 0.752954 0.672513 0.600996 0.794653 152 171
P 2 0 0.683707 0.490971 0.432463 0.758162 0.491467 0.436323 150 83
P 3 0 0.82175 0.574924 0.653639 0.838548 0.548029 0.724187 152 195
P 4 0 0.744301 0.61081 0.839375 0.674281 0.609523 0.812341 182 171
P 5 0 0.513098 0.619758 0.635176 0.59071 0.62599 0.643552 120 80
P 6 0 0.915307 0.425488 0.877417 0.967907 0.370936 0.856021 177 105
P 7 0 0.601088 0.555872 0.678453 0.5277 0.587156 0.65115 118 120
P 8 0 0.834017 0.634661 0.8426 0.785856 0.578289 0.855186 29 38
P 9 0 0.552304 0.456659 0.598961 0.59558 0.524891 0.612473 187 183
P 10 0 0.726901 0.750068 0.547183 0.741957 0.817185 0.584335 52 94
P 11 0 0.855048 0.664675 0.605068 0.869001 0.587698 0.610193 140 152
P 12 0 0.811091 0.524466 0.480947 0.820934 0.599724 0.500626 60 176
P 13 0 0.732192 0.52705 0.859204 0.768663 0.458737 0.880451 190 41
P 14 0 0.752122 0.509686 0.388761 0.735392 0.53652 0.318873 175 97
P 15 0 0.589009 0.574089 0.197022 0.532169 0.626207 0.212431 154 51
P 16 0 0.839495 0.579721 0.637323 0.806342 0.550581 0.702193 152 93
P 17 0 0.691445 0.504809 0.403415 0.751072 0.49524 0.450412 97 83
P 18 0 0.821206 0.580264 0.430947 0.748031 0.559015 0.418462 197 13
P 19 0 0.888133 0.461132 0.907165 0.808761 0.443421 0.911786 117 196
P 20 0 0.723064 0.750565 0.547236 0.649822 0.741919 0.533039 52 25
P 21 0 0.924783 0.55223 0.831339 0.844867 0.574463 0.841426 132 41
P 22 0 0.6765 0.817811 0.595776 0.669406 0.757515 0.547984 157 52
P 23 0 0.834449 0.736138 0.545683 0.795373 0.787372 0.582878 52 94
P 24 0 0.663462 0.47087 0.426201 0.588932 0.49885 0.431392 150 184
P 25 0 0.849355 0.706333 0.615278 0.837321 0.669574 0.543551 101 33
P 26 0 0.81427 0.522865 0.4777 0.858477 0.552939 0.536411 60 22
P 27 0 0.844593 0.628603 0.861792 0.814856 0.576859 0.805007 29 38
P 28 0 0.805105 0.682891 0.688324 0.744062 0.731795 0.666215 179 54
P 29 0 0.593534 0.557939 0.680379 0.565796 0.621382 0.720885 118 80
P 30 0 0.762829 0.488983 0.427052 0.746925 0.507135 0.356011 83 173
P 31 0 0.652871 0.446137 0.774071 0.702026 0.462344 0.835026 133 64
P 32 0 0.66418 0.3541 0.841972 0.69685 0.313541 0.775974 133 70
P 33 0 0.732879 0.534707 0.323707 0.695337 0.473176 0.359896 97 173
P 34 0 0.320209 0.808651 0.46664 0.364853 0.837793 0.525323 76 61
P 35 0 0.693431 0.506242 0.399595 0.737755 0.544633 0.449181 97 150
P 36 0 0.817689 0.703043 0.589491 0.878825 0.740795 0.580602 140 94
P 37 0 0.000819402 0.876698 0.637106 0.0129485 0.802575 0.623727 172 116
P 38 0 0.812912 0.452953 0.967402 0.880946 0.453378 0.934123 102 117
P 39 0 0.584642 0.435908 0.456684 0.597024 0.461414 0.384294 3 184
P 40 0 0.54784 0.542188 0.673183 0.623942 0.549621 0.672627 120 118
P 41 0 0.778208 0.733196 0.6202 0.837101 0.764083 0.58174 101 94
P 42 0 0.794921 0.543151 0.658461 0.842206 0.54489 0.720142 96 195
P 43 0 0.719628 0.475622 0.78244 0.648526 0.481497 0.747983 64 133
P 44 0 0.424057 0.882336 0.289816 0.345991 0.884591 0.266851 153 106
P 45 0 0.0409493 0.360818 0.143094 0.000292972 0.42026 0.180568 19 168
P 46 0 0.748677 0.590912 0.643553 0.674272 0.593395 0.620657 142 60
P 47 0 0.814358 0.576884 0.805869 0.838509 0.632088 0.850751 38 29
P 48 0 0.81491 0.440643 0.912613 0.738043 0.448163 0.914793 196 161
P 49 0 0.692667 0.490639 0.313652 0.650123 0.443414 0.363301 199 173
P 50 0 0.707625 0.386564 0.85323 0.703694 0.463602 0.830044 177 64
P 51 0 0.892852 0.649474 0.807635 0.851423 0.584419 0.838069 112 41
P 52 0 0.703783 0.513713 0.379679 0.740244 0.452483 0.41184 97 175
P 53 0 0.824617 0.544635 0.418312 0.753831 0.517918 0.38544 197 175
P 54 0 0.634447 0.550926 0.578927 0.700269 0.512574 0.591532 183 114
P 55 0 0.76272 0.526806 0.692328 0.77866 0.602555 0.693013 93 78
P 56 0 0.69861 0.581134 0.595805 0.702986 0.596838 0.519772 60 183
P 57 0 0.602848 0.667615 0.689113 0.586175 0.680769 0.76558 134 8
P 58 0 0.594043 0.63326 0.742666 0.602065 0.67098 0.671391 8 134
P 59 0 0.709438 0.517793 0.368801 0.716775 0.523802 0.442692 97 150
P 60 0 0.682246 0.482947 0.674129 0.643823 0.493799 0.60986 93 114
P 61 0 0.715861 0.625106 0.700303 0.745105 0.62492 0.627082 179 164
P 62 0 0.778701 0.528835 0.303387 0.791731 0.531184 0.379485 68 6
P 63 0 0.840147 0.7354 0.545603 0.848922 0.67889 0.494583 52 33
P 64 0 0.825544 0.597358 0.494739 0.776627 0.541829 0.516138 176 60
P 65 0 0.76288 0.515808 0.881899 0.746955 0.444017 0.913807 190 161
P 66 0 0.747844 0.554649 0.452302 0.75106 0.581219 0.521384 150 167
P 67 0 0.739113 0.574931 0.643744 0.716942 0.625805 0.700158 142 179
P 68 0 0.828776 0.491669 0.930632 0.856562 0.479237 0.855681 190 102
P 69 0 0.708472 0.515558 0.440123 0.737774 0.440588 0.416639 150 175
P 70 0 0.819621 0.407554 0.866273 0.853177 0.477199 0.864344 177 102
P 71 0 0.843276 0.575458 0.755831 0.799711 0.546967 0.700694 38 93
P 72 0 0.825095 0.659756 0.595159 0.807356 0.588825 0.619759 33 96
P 73 0 0.702237 0.512596 0.382655 0.767134 0.486692 0.418498 97 83
P 74 0 0.741194 -0.0119114 0.151097 0.682258 0.0372265 0.181825 21 109
P 75 0 0.743509 0.468206 0.405497 0.737113 0.502669 0.478146 175 83
P 76 0 0.67259 0.61439 0.575513 0.736884 0.594253 0.616701 54 164
P 77 0 0.824761 0.543131 0.417778 0.793681 0.60016 0.46648 197 150
P 78 0 0.868223 0.615583 0.511946 0.833412 0.666435 0.560052 166 33
P 79 0 0.544403 0.617425 0.787288 0.58653 0.678626 0.764547 80 8
P 80 0 0.641686 0.416857 0.92952 0.560907 0.417257 0.953324 37 86
P 81 0 0.881228 0.730079 0.54503 0.848174 0.706779 0.61536 52 101
P 82 0 0.81849 0.407342 0.866142 0.776065 0.458189 0.907386 177 196
P 83 0 0.921092 0.398359 0.849569 0.92648 0.390249 0.927625 105 196
P 84 0 0.332035 0.809098 0.438127 0.373394 0.895371 0.428758 76 44
P 85 0 0.788521 0.476018 0.831297 0.744786 0.539244 0.818387 105 77
P 86 0 0.845139 0.62829 0.862782 0.885893 0.568515 0.897976 29 50
P 87 0 0.691722 0.505009 0.402882 0.747562 0.497108 0.457385 97 83
P 88 0 0.848827 0.635448 0.666369 0.862335 0.557995 0.667782 7 22
P 89 0 0.681035 0.488317 0.431636 0.741545 0.50031 0.46934 150 83
P 90 0 0.820706 0.585488 0.432799 0.812287 0.604161 0.511668 197 176
P 91 0 0.622264 0.55008 0.673055 0.541375 0.556623 0.66611 118 120
P 92 0 0.639241 0.588026 0.611185 0.593611 0.523572 0.614172 167 183
P 93 0 0.821381 0.62215 0.689393 0.799481 0.559899 0.644269 7 96
P 94 0 0.874525 0.44645 0.958208 0.814112 0.441004 0.912506 117 196
P 95 0 0.701443 0.512965 0.591151 0.678107 0.534804 0.658819 114 118
P 96 0 0.693077 0.505987 0.400275 0.748618 0.496546 0.455286 97 83
P 97 0 0.857769 0.639781 0.658868 0.811933 0.605638 0.605513 7 96
P 98 0 0.730869 0.533257 0.327574 0.749341 0.496292 0.394165 97 175
P 99 0 0.975588 0.27316 0.184564 0.963648 0.327837 0.113436 19 39
P 100 0 0.748941 0.555241 0.720582 0.737534 0.572294 0.643775 152 142
P 101 0 0.742186 0.499969 0.468066 0.750543 0.556171 0.419333 83 13
P 102 0 0.885555 0.419177 0.844671 0.828222 0.406211 0.90482 105 161
P 103 0 0.892602 0.626106 0.620726 0.823389 0.658386 0.602359 140 33
P 104 0 0.744864 0.474729 0.402865 0.736639 0.502921 0.479088 175 83
P 105 0 0.748192 0.682561 0.740761 0.807832 0.684656 0.687958 100 179
P 106 0 0.640769 0.377949 0.377229 0.601045 0.44281 0.360889 3 184
P 107 0 0.650031 0.469247 0.757021 0.71468 0.471889 0.797225 133 64
P 108 0 0.891087 0.464319 0.896085 0.826635 0.492453 0.929049 117 190
P 109 0 0.836235 0.57884 0.64032 0.806322 0.644681 0.674399 152 33
P 110 0 0.61198 0.392224 0.297247 0.649232 0.36921 0.365249 184 3
P 111 0 0.917324 0.600716 0.631034 0.861279 0.641482 0.655923 140 7
P 112 0 0.755835 0.562584 0.454774 0.758707 0.550857 0.534437 150 60
P 113 0 0.637246 0.425131 0.300021 0.673698 0.483223 0.33907 75 199
P 114 0 0.849871 0.625579 0.87137 0.789092 0.578129 0.849586 29 38
P 115 0 0.698234 0.509708 0.390355 0.679705 0.475394 0.458599 97 180
P 116 0 0.675613 0.482934 0.429959 0.738066 0.441993 0.416072 150 175
P 117 0 0.757311 0.632373 0.581871 0.747017 0.69327 0.531765 176 25
P 118 0 0.716079 0.605608 0.508472 0.770893 0.577534 0.459432 183 150
P 119 0 0.838959 0.575671 0.763301 0.771977 0.563708 0.801201 38 26
P 120 0 0.828932 0.778666 0.477724 0.806936 0.739702 0.546066 189 52
P 121 0 0.870075 0.41701 0.872149 0.877856 0.450044 0.945715 177 117
P 122 0 0.764753 0.559516 0.706044 0.717991 0.502428 0.682213 152 93
P 123 0 0.87262 0.444395 0.965353 0.814922 0.440638 0.912615 117 196
P 124 0 0.595584 0.69883 0.524727 0.652588 0.7254 0.576556 134 178
P 125 0 0.780602 0.578548 0.864277 0.834872 0.634172 0.844151 38 29
P 126 0 0.743409 0.499318 0.465636 0.738726 0.445169 0.414791 83 175
P 127 0 0.735512 0.525833 0.861659 0.752696 0.579923 0.912563 190 38
P 128 0 0.691726 0.505012 0.402874 0.754725 0.512269 0.355424 97 173
P 129 0 0.838437 0.735622 0.545627 0.850338 0.680027 0.488605 52 33
P 130 0 0.643321 0.54432 0.667687 0.694644 0.489703 0.676933 118 93
P 131 0 0.804887 0.628125 0.913005 0.743178 0.580393 0.929033 182 38
P 132 0 0.88151 0.410561 0.921574 0.826614 0.408865 0.867088 196 177
P 133 0 0.649694 0.4572 0.421942 0.63175 0.387262 0.389997 150 3
P 134 0 0.582117 0.561062 0.683289 0.592776 0.523012 0.614893 118 183
P 135 0 0.86183 0.657709 0.607896 0.839895 0.671641 0.532687 140 33
P 136 0 0.771981 0.578614 0.459768 0.816486 0.521748 0.475437 150 60
P 137 0 0.780489 0.539884 0.512195 0.796849 0.612083 0.531382 60 176
P 138 0 0.697972 0.509519 0.390859 0.741362 0.457865 0.409669 97 175
P 139 0 0.82989 0.595128 0.489189 0.77167 0.544326 0.5212 176 60
P 140 0 0.77795 0.579582 0.49979 0.819329 0.599869 0.437899 167 197
P 141 0 0.653787 0.438681 0.779572 0.723266 0.478366 0.771573 133 64
P 142 0 0.745305 0.542238 0.818225 0.757907 0.614699 0.855909 77 182
P 143 0 0.839869 0.743283 0.641736 0.888444 0.735427 0.58034 142 94
P 144 0 0.828188 0.723765 0.641969 0.87426 0.743343 0.580727 142 94
P 145 0 0.209996 0.281435 0.111086 0.138562 0.276599 0.140629 129 92
P 146 0 0.809853 0.647516 0.659496 0.803818 0.570077 0.670126 33 152
P 147 0 0.786273 0.60514 0.718845 0.742336 0.600881 0.776056 7 26
P 148 0 0.793507 0.543587 0.561259 0.785657 0.579113 0.4936 114 167
P 149 0 0.758227 0.466246 0.904986 0.681035 0.446509 0.897736 196 64
P 150 0 0.72648 0.549169 0.741234 0.685708 0.617537 0.739876 152 78
P 151 0 0.692049 0.847223 0.625513 0.646772 0.782821 0.629292 1 101
P 152 0 0.169 0.505517 0.741455 0.148141 0.581776 0.748583 174 135
P 153 0 0.755356 0.562108 0.454625 0.717862 0.606802 0.506934 150 183
P 154 0 0.843802 0.760343 0.581557 0.774807 0.773509 0.616349 94 17
P 155 0 0.770785 0.625458 0.564665 0.83394 0.666859 0.557824 176 33
P 156 0 0.640846 0.785058 0.629702 0.583147 0.758191 0.583338 101 81
P 157 0 0.776105 0.542092 0.516671 0.819671 0.600372 0.502238 60 176
P 158 0 0.785773 0.524276 0.382382 0.707652 0.516504 0.372237 6 97
P 159 0 0.658453 0.400708 0.807587 0.718782 0.388656 0.85453 133 177
P 160 0 0.801901 0.869388 0.647052 0.865168 0.902684 0.675927 1 104
P 161 0 0.837572 0.591186 0.47938 0.765079 0.580365 0.510126 176 167
P 162 0 0.822312 0.164224 0.460068 0.747677 0.175254 0.489461 65 160
P 163 0 0.660242 0.386148 0.818329 0.725366 0.42715 0.824442 133 77
P 164 0 0.733232 0.540142 0.447782 0.747085 0.485429 0.398548 150 175
P 165 0 0.564634 0.504161 0.639181 0.613057 0.552598 0.675402 183 118
P 166 0 0.790864 0.615154 0.539024 0.843678 0.674679 0.516716 176 33
P 167 0 0.713942 0.612986 0.725642 0.716149 0.602764 0.805161 78 182
P 168 0 0.841032 0.672554 0.527885 0.808212 0.606252 0.516871 33 176
P 169 0 0.816999 0.507246 0.839394 0.785516 0.578306 0.855774 26 38
P 170 0 0.710583 0.850963 0.629147 0.645897 0.891949 0.660015 1 27
P 171 0 0.342268 0.941877 0.357232 0.269369 0.946697 0.324777 44 110
P 172 0 0.826338 0.737189 0.545796 0.805732 0.806598 0.500626 52 189
P 173 0 0.831397 0.334556 0.159762 0.860095 0.40069 0.194747 66 68
P 174 0 0.725291 0.426712 0.824465 0.723993 0.478914 0.769401 77 64
P 175 0 0.858881 0.553468 0.550159 0.817565 0.601453 0.504928 22 176
P 176 0 0.97744 0.428047 0.195092 0.940657 0.356193 0.184551 168 39
P 177 0 0.763795 0.541163 0.42393 0.732295 0.505232 0.487718 13 83
P 178 0 0.723988 0.610906 0.501646 0.7241 0.568292 0.569776 183 60
P 179 0 0.764738 0.628561 0.572387 0.833105 0.666189 0.561345 176 33
P 180 0 0.709605 0.517913 0.368479 0.740786 0.455094 0.410787 97 175
P 181 0 0.67287 0.843353 0.621752 0.647266 0.915089 0.6401 1 27
P 182 0 0.721838 0.60439 0.812075 0.737099 0.678378 0.79321 182 100
P 183 0 0.798814 0.611216 0.708325 0.833544 0.575938 0.772671 7 38
P 184 0 0.851765 0.438971 0.840014 0.887141 0.460062 0.910885 105 117
P 185 0 0.713405 0.520655 0.361171 0.743352 0.467449 0.405802 97 175
P 186 0 0.822086 0.576503 0.792496 0.837035 0.632932 0.848077 38 29
P 187 0 0.798304 0.530908 0.494003 0.824097 0.550064 0.420237 60 197
P 188 0 0.682198 0.447386 0.894263 0.767475 0.462069 0.90623 64 196
P 189 0 0.818332 0.520818 0.473553 0.792517 0.599004 0.46612 60 150
P 190 0 0.728875 0.751822 0.623613 0.779565 0.796195 0.583309 101 94
P 191 0 0.730465 0.230881 0.686566 0.761544 0.201696 0.616834 193 79
P 192 0 0.237333 0.398066 0.579885 0.237333 0.398066 0.579885 138 -1
P 193 0 0.870766 0.42784 0.842633 0.82798 0.493475 0.848709 105 26
P 194 0 0.634259 0.490618 0.612965 0.637913 0.545799 0.669065 114 118
P 195 0 0.809512 0.443081 0.911887 0.888141 0.46114 0.907136 196 117
P 196 0 0.743924 0.241881 0.664447 0.756571 0.188608 0.600935 193 79
P 197 0 0.739262 0.603127 0.619705 0.785005 0.651611 0.642829 164 142
P 198 0 0.851142 0.583992 0.838213 0.89726 0.632659 0.884198 41 50
P 199 0 0.704535 0.464236 0.827532 0.657009 0.412464 0.798914 64 133
P 200 0 0.898649 0.659588 0.624574 0.868082 0.58745 0.611039 7 152
P 201 0 0.954747 0.839169 0.627744 0.898401 0.888859 0.665974 172 1
P 202 0 0.76622 0.620225 0.643204 0.794386 0.675951 0.689763 142 179
P 203 0 0.70288 0.598972 0.789036 0.698987 0.655246 0.739282 182 26
P 204 0 0.603283 0.555272 0.677894 0.588494 0.62558 0.650433 118 80
P 205 0 0.616599 0.370853 0.27036 0.6647 0.362998 0.208571 184 188
P 206 0 0.787133 0.401466 0.86249 0.718326 0.386511 0.826637 177 77
P 207 0 0.530213 0.81964 0.242146 0.602466 0.79478 0.252332 59 49
P 208 0 0.855824 0.581819 0.456072 0.804385 0.527845 0.487794 176 60
P 209 0 0.779431 0.523455 0.429354 0.704981 0.512093 0.439044 13 150
P 210 0 0.703104 0.510229 0.438463 0.773226 0.48345 0.406394 150 83
P 211 0 0.744417 0.505484 0.3562 0.766239 0.577674 0.361331 173 175
P 212 0 0.57781 0.56224 0.684387 0.519556 0.518402 0.722173 118 98
P 213 0 0.790795 0.510584 0.433297 0.784634 0.537795 0.507962 13 60
P 214 0 0.829167 0.663026 0.577969 0.761545 0.6302 0.576464 33 176
P 215 0 0.746931 0.58147 0.524701 0.812552 0.549922 0.555076 167 114
P 216 0 0.826288 0.596976 0.493788 0.783713 0.538259 0.508903 176 60
P 217 0 0.884771 0.256738 0.496312 0.825605 0.203002 0.482861 71 65
P 218 0 0.778291 0.800367 0.644365 0.845319 0.752389 0.641628 17 142
P 219 0 0.804918 0.739963 0.546095 0.802591 0.72399 0.618513 52 101
P 220 0 0.676239 0.75663 0.547889 0.728508 0.731624 0.601078 52 157
P 221 0 0.581989 0.624377 0.670621 0.540641 0.558261 0.665308 80 120
P 222 0 0.834223 0.667087 0.556625 0.811401 0.604616 0.512799 33 176
P 223 0 0.827337 0.516233 0.40824 0.750829 0.50346 0.391273 197 175
P 224 0 0.0120228 0.298162 0.0877443 0.000484583 0.306549 0.168768 151 19
P 225 0 0.79811 0.545118 0.559765 0.723086 0.568803 0.570811 114 60
P 226 0 0.555813 0.619535 0.751871 0.604434 0.570521 0.712407 80 8
P 227 0 0.686304 0.493549 0.433266 0.762907 0.488942 0.426897 150 83
P 228 0 0.836136 0.737046 0.641811 0.810432 0.778967 0.582467 142 94
P 229 0 0.589047 0.520514 0.618111 0.544699 0.5492 0.669747 183 120
P 230 0 0.744391 0.610836 0.839483 0.811134 0.577043 0.811447 182 38
P 231 0 0.768166 0.665903 0.60512 0.792884 0.670312 0.531164 157 25
P 232 0 0.863141 0.559051 0.695214 0.795289 0.544503 0.657315 22 96
P 233 0 0.719324 0.526333 0.44348 0.742932 0.465429 0.406617 150 175
P 234 0 0.530843 0.459432 0.682813 0.604116 0.440365 0.65646 98 93
P 235 0 0.790947 0.741773 0.546289 0.774859 0.773908 0.616766 52 17
P 236 0 0.649733 0.729187 0.579377 0.57172 0.737304 0.58113 178 81
P 237 0 0.73168 0.476726 0.283072 0.756746 0.551928 0.277794 16 97
P 238 0 0.818708 0.5961 0.672822 0.788774 0.520571 0.677594 78 96
P 239 0 0.756467 0.492369 0.439692 0.801233 0.529432 0.491012 83 60
P 240 0 0.556123 0.619593 0.750908 0.604324 0.571186 0.712727 80 8
P 241 0 0.895148 0.698938 0.412356 0.851053 0.680601 0.485587 189 33
P 242 0 0.850948 0.668885 0.603359 0.873208 0.74393 0.580755 140 94
P 243 0 0.638972 0.446555 0.418625 0.690219 0.503925 0.405774 150 97
P 244 0 0.822427 0.714139 0.642084 0.755811 0.664857 0.640599 142 164
P 245 0 0.837469 0.705388 0.841215 0.843071 0.629475 0.859029 112 29
P 246 0 0.837023 0.669335 0.544808 0.852406 0.705182 0.615067 33 101
P 247 0 0.78187 0.520692 0.430201 0.810274 0.577614 0.473831 13 167
P 248 0 0.548084 0.541642 0.673451 0.626365 0.548958 0.672009 120 118
P 249 0 0.830978 0.554525 0.73256 0.79056 0.527133 0.672034 195 96
P 250 0 0.767651 0.446522 0.962893 0.752373 0.433998 0.888793 91 41
P 251 0 0.843859 0.734919 0.545551 0.84948 0.679338 0.492226 52 33
P 252 0 0.801539 0.607961 0.468911 0.824004 0.551042 0.420584 150 197
P 253 0 0.780597 0.621183 0.883485 0.714287 0.669774 0.901064 182 100
P 254 0 0.712912 0.5203 0.362118 0.790717 0.530007 0.379978 97 6
P 255 0 0.723428 0.753879 0.62399 0.678793 0.814011 0.59601 101 157
P 256 0 0.73993 0.45097 0.412451 0.665943 0.473333 0.426968 175 150
P 257 0 0.677823 0.815618 0.595911 0.670009 0.757437 0.547976 157 52
P 258 0 0.834271 0.4103 0.867979 0.776094 0.430461 0.910585 177 161
P 259 0 0.658231 0.762345 0.702354 0.681216 0.769816 0.62691 159 101
P 260 0 0.661672 0.469093 0.425647 0.611988 0.407669 0.417973 150 3
P 261 0 0.534709 0.571506 0.658818 0.587161 0.519251 0.619739 120 183
P 262 0 0.623967 0.275198 0.42103 0.68641 0.32548 0.402482 123 180
P 263 0 0.81791 0.718206 0.617453 0.759333 0.677993 0.645046 101 164
P 264 0 0.753327 0.549461 0.284371 0.697043 0.597698 0.256729 97 14
P 265 0 0.742889 0.517084 0.642304 0.735087 0.587553 0.614433 118 164
P 266 0 0.930505 0.587179 0.63653 0.854766 0.590288 0.654643 140 78
P 267 0 0.826122 0.528914 0.412737 0.80771 0.52617 0.484399 197 60
P 268 0 0.807711 0.689551 0.642377 0.830859 0.626742 0.681443 142 7
P 269 0 0.693959 0.530468 0.654778 0.732098 0.523161 0.581198 118 114
P 270 0 0.811724 0.649019 0.651598 0.855311 0.704085 0.614866 33 101
P 271 0 0.756674 0.614346 0.854411 0.756169 0.583533 0.78779 182 26
P 272 0 0.84049 0.546363 0.72204 0.849368 0.591158 0.657365 195 78
P 273 0 0.827452 0.515025 0.407811 0.757752 0.491685 0.43714 197 83
P 274 0 0.542382 0.8137 0.257301 0.517404 0.823202 0.179305 59 115
P 275 0 0.833313 0.635065 0.841322 0.823194 0.576448 0.790581 29 38
P 276 0 0.770535 0.598365 0.352983 0.732155 0.534185 0.325099 175 97
P 277 0 0.657352 0.409669 0.800975 0.693954 0.456255 0.859141 133 64
P 278 0 0.580406 0.730768 0.632687 0.602288 0.670023 0.676429 159 134
P 279 0 0.641312 0.448878 0.419349 0.602321 0.436908 0.353464 150 184
P 280 0 0.715235 0.605043 0.509201 0.670966 0.611721 0.573452 183 54
P 281 0 0.849929 0.79884 0.448754 0.796545 0.817661 0.509696 198 189
P 282 0 0.826084 0.576306 0.785578 0.812015 0.640264 0.737999 38 0
P 283 0 0.829103 0.595531 0.490193 0.776118 0.542085 0.516658 176 60
P 284 0 0.885 0.457751 0.918918 0.839936 0.411362 0.868639 117 177
P 285 0 0.738077 0.442046 0.416051 0.669286 0.476653 0.428002 175 150
P 286 0 0.745436 0.477486 0.401753 0.668571 0.475942 0.427781 175 150
P 287 0 0.768766 0.575422 0.458774 0.712429 0.603163 0.511623 150 183
P 288 0 0.595002 0.524503 0.612972 0.54692 0.544242 0.672177 183 120
P 289 0 0.678634 0.485934 0.430894 0.754389 0.493475 0.44382 150 83
P 290 0 0.512691 0.554268 0.746112 0.548755 0.61823 0.773778 98 80
P 291 0 0.742096 0.61018 0.836695 0.72097 0.672295 0.869469 182 100
P 292 0 0.79254 0.543265 0.561573 0.812057 0.604279 0.511961 114 176
P 293 0 0.764424 0.557468 0.263024 0.804504 0.48821 0.268946 97 68
P 294 0 0.653433 0.4753 0.366223 0.592174 0.483851 0.412522 199 184
P 295 0 0.629977 0.46613 0.397652 0.679634 0.476972 0.45919 199 180
P 296 0 0.806535 0.526762 0.485599 0.826787 0.52197 0.410274 60 197
P 297 0 0.817063 0.439671 0.912903 0.870486 0.442093 0.973358 196 117
P 298 0 0.773056 0.562355 0.802116 0.716323 0.546423 0.750572 26 152
P 299 0 0.885605 0.458404 0.916648 0.862851 0.390102 0.90099 117 161
P 300 0 0.637541 0.545901 0.66916 0.576952 0.512413 0.62855 118 183
P 301 0 0.745894 0.145071 0.982423 0.745894 0.145071 0.982423 -1 15
P 302 0 0.743669 0.563956 0.416949 0.792401 0.598888 0.466084 13 150
P 303 0 0.729393 0.707697 0.647599 0.791617 0.66266 0.642698 54 142
P 304 0 0.839824 0.709932 0.615937 0.866894 0.644202 0.651213 101 7
P 305 0 0.831455 0.43317 0.914839 0.852164 0.438737 0.840069 196 105
P 306 0 0.674502 0.610586 0.814547 0.74796 0.593828 0.780827 171 26
P 307 0 0.841881 0.678197 0.599578 0.849298 0.635677 0.665974 140 7
P 308 0 0.882723 0.550623 0.901819 0.8234 0.493638 0.926656 50 190
P 309 0 0.743113 0.445804 0.914232 0.769032 0.398073 0.860382 161 177
P 310 0 0.827506 0.714583 0.61679 0.8333 0.666345 0.560524 101 33
P 311 0 0.731728 0.505534 0.488846 0.751133 0.554673 0.542171 83 60
P 312 0 0.701351 0.542375 0.764339 0.750412 0.571715 0.816633 152 77
P 313 0 0.640894 0.587925 0.609857 0.671217 0.536689 0.660575 167 118
P 314 0 0.625126 0.544683 0.586972 0.556121 0.5039 0.606705 183 187
P 315 0 0.83356 0.449635 0.837505 0.770716 0.461855 0.8794 105 41
P 316 0 0.517843 0.825678 0.226742 0.522872 0.763798 0.276896 59 88
P 317 0 0.725981 0.878309 0.248262 0.731567 0.941443 0.297308 21 63
P 318 0 0.773607 0.731235 0.663067 0.833575 0.712291 0.61637 164 101
P 319 0 0.873981 0.645229 0.612962 0.804555 0.684278 0.64244 140 142
P 320 0 0.773446 0.734994 0.620529 0.787337 0.782451 0.680403 101 164
P 321 0 0.671555 0.773464 0.627578 0.667092 0.757815 0.548017 101 52
P 322 0 0.854558 0.574902 0.73631 0.814222 0.641352 0.736313 38 0
P 323 0 0.719968 0.395989 0.826125 0.665511 0.343272 0.849961 77 133
P 324 0 0.82546 0.535828 0.415188 0.803447 0.528317 0.488752 197 60
P 325 0 0.564321 0.456892 0.485451 0.591941 0.484927 0.413876 3 184
P 326 0 0.67234 0.594368 0.62263 0.703641 0.665396 0.614919 60 54
P 327 0 0.76508 0.463523 0.971181 0.82111 0.494477 0.924963 91 190
P 328 0 0.755513 0.685322 0.70615 0.763523 0.763763 0.690913 100 54
P 329 0 0.801617 0.578141 0.480783 0.780677 0.522043 0.429787 167 13
P 330 0 0.846747 0.397594 0.902771 0.889421 0.462522 0.902333 161 117
P 331 0 0.65965 0.467085 0.425021 0.738978 0.446384 0.414301 150 175
P 332 0 0.736463 0.537293 0.316812 0.703401 0.478484 0.359289 97 173
P 333 0 0.773239 0.729863 0.662603 0.770299 0.660354 0.692996 164 179
P 334 0 0.749986 0.495818 0.452568 0.761391 0.5681 0.456492 83 150
P 335 0 0.681886 0.426629 0.440345 0.630518 0.388534 0.391741 180 3
P 336 0 0.86115 0.399028 0.193339 0.815596 0.37208 0.135945 68 66
P 337 0 0.693688 0.506428 0.399101 0.746657 0.497589 0.459183 97 83
P 338 0 0.669408 0.476774 0.42804 0.645528 0.440389 0.363647 150 173
P 339 0 0.55656 0.509325 0.607594 0.620069 0.541295 0.591337 187 183
P 340 0 0.5993 0.682862 0.608818 0.618101 0.619862 0.558744 134 148
P 341 0 0.716183 0.388168 0.854227 0.700218 0.46098 0.840427 177 64
P 342 0 0.833376 0.578067 0.642949 0.865283 0.525088 0.694617 152 195
P 343 0 0.802687 0.627496 0.910331 0.87573 0.610765 0.918298 182 29
P 344 0 0.245373 0.351817 0.300087 0.211442 0.307565 0.235269 170 129
P 345 0 0.767024 0.450669 0.964914 0.755538 0.438805 0.887172 91 41
P 346 0 0.814883 0.522556 0.477074 0.735154 0.503711 0.482038 60 83
P 347 0 0.658125 0.680353 0.213296 0.576321 0.67703 0.208339 154 49
P 348 0 0.788981 0.788583 0.682479 0.787667 0.845425 0.738119 164 137
P 349 0 0.559956 0.551349 0.614483 0.578083 0.562165 0.684318 187 118
P 350 0 0.708619 0.673572 0.621235 0.780651 0.644337 0.642916 54 142
P 351 0 0.735665 0.562465 0.557966 0.811983 0.549733 0.55526 60 114
P 352 0 0.743688 0.445536 0.914169 0.818874 0.438853 0.913146 161 196
P 353 0 0.778236 0.649215 0.606146 0.798107 0.667698 0.531096 157 25
P 354 0 0.749232 0.580094 0.918558 0.751386 0.612835 0.847985 38 182
P 355 0 0.77985 0.479925 0.393232 0.711986 0.519632 0.363899 83 97
P 356 0 0.877861 0.523188 0.907712 0.794582 0.504195 0.905344 50 190
P 357 0 0.865277 0.388973 0.900722 0.923613 0.396882 0.849916 161 105
P 358 0 0.737908 0.697829 0.531885 0.733061 0.724078 0.601542 25 157
P 359 0 0.782083 0.762853 0.67377 0.811787 0.720518 0.617877 164 101
P 360 0 0.754064 0.519037 0.384988 0.827041 0.519316 0.409333 175 197
P 361 0 0.851977 0.733868 0.545438 0.864234 0.700716 0.614249 52 101
P 362 0 0.759638 0.609226 0.643335 0.805756 0.61458 0.702501 142 7
P 363 0 0.814049 0.453637 0.964493 0.882434 0.454983 0.928543 102 117
P 364 0 0.543724 0.551378 0.66868 0.592923 0.523111 0.614766 120 183
P 365 0 0.580268 0.514634 0.625688 0.535951 0.568733 0.660177 183 120
P 366 0 0.264708 0.891475 0.269662 0.269365 0.946691 0.32487 58 110
P 367 0 0.856064 0.591467 0.835692 0.932478 0.566487 0.838896 41 132
P 368 0 0.728858 0.791002 0.765578 0.781356 0.846818 0.739615 159 137
P 369 0 0.70242 0.761811 0.625443 0.752161 0.81149 0.584056 101 94
P 370 0 0.77429 0.769524 0.612193 0.84013 0.74372 0.641731 17 142
P 371 0 0.74772 0.589313 0.643572 0.741599 0.641771 0.696848 142 179
P 372 0 0.856601 0.374659 0.473262 0.856601 0.374659 0.473262 121 -1
P 373 0 0.755466 0.513643 0.639097 0.786588 0.565419 0.685968 118 152
P 374 0 0.753407 0.684528 0.716104 0.758979 0.756297 0.685145 100 54
P 375 0 0.692891 0.58476 0.5681 0.658603 0.601289 0.636657 167 60
P 376 0 0.789661 0.566249 0.683143 0.796104 0.636475 0.717533 152 33
P 377 0 0.874509 0.384679 0.899701 0.949977 0.379636 0.930787 161 196
P 378 0 0.756401 0.487034 0.153371 0.78701 0.43997 0.0928546 163 66
P 379 0 0.77327 0.632005 0.643063 0.756642 0.685748 0.700811 142 100
P 380 0 0.680857 0.726385 0.532633 0.706474 0.768139 0.598832 25 157
P 381 0 0.743557 0.499239 0.465342 0.739449 0.448653 0.413385 83 175
P 382 0 0.658024 0.540298 0.663938 0.731712 0.562566 0.643891 118 142
P 383 0 0.783889 0.518406 0.430901 0.752948 0.5111 0.355558 13 173
P 384 0 0.724848 0.611228 0.720143 0.67014 0.589555 0.77092 78 171
P 385 0 0.599129 0.478933 0.624371 0.664048 0.473028 0.670013 114 93
P 386 0 0.83068 0.405068 0.904548 0.814158 0.453703 0.964213 161 102
P 387 0 0.720775 0.604086 0.810783 0.788286 0.578169 0.850981 182 38
P 388 0 0.727789 0.647522 0.619569 0.7338 0.722855 0.601617 176 157
P 389 0 0.675413 0.482736 0.429897 0.755088 0.493103 0.442432 150 83
P 390 0 0.718381 0.630924 0.755734 0.787014 0.605499 0.718223 26 7
P 391 0 0.784425 0.590969 0.463617 0.723845 0.61081 0.50177 150 183
P 392 0 0.641709 0.467935 0.572992 0.61811 0.539983 0.593027 103 183
P 393 0 0.897065 0.500875 0.804117 0.828216 0.493178 0.84891 132 26
P 394 0 0.807932 0.5772 0.816988 0.742278 0.610232 0.836916 38 182
P 395 0 0.615687 0.854323 0.274578 0.55016 0.809903 0.266987 49 59
P 396 0 0.615647 0.615044 0.203294 0.60213 0.670576 0.260181 154 51
P 397 0 0.758145 0.606732 0.643365 0.77882 0.601529 0.725097 142 7
P 398 0 0.770974 0.564966 0.80035 0.837453 0.563204 0.845223 26 41
P 399 0 0.796803 0.550064 0.652603 0.737098 0.512841 0.686534 96 93
