400 
 5.800000
P 0 0 0.611529 0.575952 0.719419 0.607978 0.647964 0.750012 187 98
P 1 0 0.724539 0.702332 0.853488 0.660997 0.743001 0.873857 152 171
P 2 0 0.76141 0.518522 0.573017 0.832409 0.532835 0.582073 150 83
P 3 0 0.838426 0.731107 0.760829 0.818271 0.74297 0.832991 152 195
P 4 0 0.702262 0.793326 0.912621 0.655661 0.756603 0.86062 182 171
P 5 0 0.612916 0.624586 0.653431 0.591073 0.674594 0.708616 120 80
P 6 0 0.814169 0.585538 0.96428 0.852126 0.524221 0.995445 177 105
P 7 0 0.522729 0.516673 0.777344 0.579255 0.567693 0.768804 187 185
P 8 0 0.820337 0.750531 0.950666 0.780998 0.768979 0.890503 29 38
P 9 0 0.658033 0.558885 0.805363 0.654798 0.568643 0.726122 93 183
P 10 0 0.726522 0.813685 0.546219 0.719815 0.888884 0.565071 52 94
P 11 0 0.886815 0.671219 0.692884 0.888245 0.743695 0.720295 22 152
P 12 0 0.867596 0.59798 0.605918 0.862965 0.676233 0.603343 60 176
P 13 0 0.669554 0.653622 -0.0103554 0.700028 0.690914 0.0519135 104 41
P 14 0 0.842815 0.609293 0.62107 0.792522 0.577908 0.570453 60 150
P 15 0 0.112841 0.282853 0.351315 0.0817269 0.287112 0.429318 163 199
P 16 0 0.857135 0.735834 0.745606 0.82499 0.710946 0.81591 152 93
P 17 0 0.705303 0.585929 0.465576 0.748539 0.517451 0.48656 173 4
P 18 0 0.873416 0.637082 0.546936 0.802915 0.594687 0.542719 197 13
P 19 0 0.741367 0.57281 0.0203465 0.77331 0.623468 0.0732015 161 132
P 20 0 0.722853 0.813508 0.545 0.697812 0.744937 0.562047 52 25
P 21 0 0.822766 0.639727 0.958317 0.790673 0.710405 0.941795 132 41
P 22 0 0.671832 0.737016 0.552129 0.671556 0.811032 0.527955 25 52
P 23 0 0.829337 0.818646 0.580381 0.775468 0.876081 0.587047 52 94
P 24 0 0.789711 0.48945 0.619445 0.766088 0.432452 0.670147 3 45
P 25 0 0.847576 0.682925 0.608524 0.890651 0.655455 0.672756 176 22
P 26 0 0.871427 0.596231 0.603576 0.893162 0.645137 0.659582 60 22
P 27 0 0.813277 0.763375 0.968048 0.781313 0.769063 0.890087 29 38
P 28 0 0.78197 0.825119 0.734996 0.708247 0.832765 0.702978 179 54
P 29 0 0.615158 0.621169 0.761891 0.612113 0.69126 0.78544 118 80
P 30 0 0.824093 0.632809 0.501552 0.836984 0.613537 0.431897 97 68
P 31 0 0.67876 0.686341 0.0777504 0.666119 0.685593 -0.0029117 41 77
P 32 0 0.738949 0.699283 1.00463 0.737083 0.757224 0.948524 41 38
P 33 0 0.832047 0.533153 0.582509 0.838323 0.579409 0.524237 83 175
P 34 0 0.720884 0.825399 0.0248183 0.800386 0.825817 0.0122734 182 112
P 35 0 0.83957 0.584249 0.524359 0.781313 0.556512 0.571377 175 150
P 36 0 0.805411 0.80818 0.637178 0.862417 0.856078 0.62138 140 94
P 37 0 0.732799 0.885897 0.570198 0.724246 0.941319 0.628116 94 137
P 38 0 0.620071 0.622209 0.0401485 0.69974 0.626732 0.0296581 177 104
P 39 0 0.75593 0.508062 0.573468 0.826957 0.537618 0.588624 150 83
P 40 0 0.580305 0.598665 0.736697 0.647118 0.62662 0.763553 120 118
P 41 0 0.75231 0.835065 0.632851 0.818944 0.866079 0.604214 101 94
P 42 0 0.810724 0.690514 0.768608 0.824456 0.744065 0.832603 96 195
P 43 0 0.56602 0.606635 0.902244 0.62982 0.594122 0.940787 134 133
P 44 0 0.966748 0.102894 0.692485 0.997264 0.0805532 0.764997 186 34
P 45 0 0.0119233 0.502617 0.0398304 0.0119233 0.502617 0.0398304 -1 82
P 46 0 0.757189 0.715678 0.739124 0.746876 0.643635 0.768741 142 118
P 47 0 0.78072 0.768905 0.89087 0.817339 0.755986 0.958048 38 29
P 48 0 0.706709 0.692351 0.0437966 0.742939 0.655166 0.101269 41 161
P 49 0 0.0911372 0.237308 0.393539 0.0345058 0.236382 0.44833 188 75
P 50 0 0.711428 0.693365 0.0380641 0.742879 0.652063 0.0982194 41 161
P 51 0 0.787596 0.770745 0.881785 0.79994 0.712398 0.930537 38 41
P 52 0 0.827818 0.64389 0.510355 0.752296 0.612906 0.530193 97 13
P 53 0 0.878662 0.599941 0.541132 0.829799 0.546316 0.5234 197 175
P 54 0 0.685974 0.595202 0.68567 0.75613 0.609316 0.720101 183 114
P 55 0 0.787584 0.676877 0.813547 0.775319 0.742172 0.77613 93 78
P 56 0 0.81736 0.644535 0.610185 0.740952 0.642037 0.614334 167 183
P 57 0 0.566886 0.611502 0.907723 0.630551 0.649981 0.931056 134 98
P 58 0 0.5567 0.64129 0.817593 0.613463 0.692329 0.790369 8 80
P 59 0 0.825829 0.637972 0.505654 0.836756 0.613631 0.431775 97 68
P 60 0 0.718578 0.614028 0.809188 0.712677 0.571362 0.743467 93 114
P 61 0 0.696349 0.76435 0.755569 0.74411 0.737791 0.705326 179 164
P 62 0 0.762701 0.644395 0.392215 0.792394 0.581024 0.360662 68 6
P 63 0 0.834785 0.818909 0.582191 0.865603 0.751183 0.565922 52 33
P 64 0 0.869838 0.673245 0.60103 0.826077 0.616934 0.631305 176 60
P 65 0 0.689631 0.635737 0.016258 0.685117 0.687708 0.0700281 104 41
P 66 0 0.804319 0.600426 0.569481 0.788432 0.643832 0.62648 150 167
P 67 0 0.745169 0.713407 0.711015 0.697386 0.765085 0.75532 164 179
P 68 0 0.827312 0.555736 0.0699017 0.749849 0.566345 0.0584667 190 102
P 69 0 0.208193 0.280882 0.471664 0.208193 0.280882 0.471664 65 -1
P 70 0 0.724286 0.60252 -0.000587008 0.747991 0.570234 0.0669562 177 102
P 71 0 0.815162 0.778124 0.845365 0.819304 0.705767 0.815551 38 93
P 72 0 0.826985 0.771859 0.661476 0.807943 0.722555 0.716606 33 96
P 73 0 0.867794 0.645762 0.581776 0.835206 0.583065 0.55071 167 13
P 74 0 0.659093 0.305522 0.309015 0.636159 0.269939 0.379372 125 136
P 75 0 0.311852 0.22881 0.713678 0.312069 0.302824 0.726787 46 180
P 76 0 0.700885 0.67402 0.659795 0.745521 0.70529 0.71291 54 164
P 77 0 0.878884 0.598374 0.540887 0.88779 0.66559 0.496498 197 14
P 78 0 0.89371 0.821753 0.60177 0.840465 0.764642 0.628122 52 33
P 79 0 0.560766 0.577095 0.868985 0.613132 0.620708 0.829877 134 8
P 80 0 0.757674 0.73563 0.501161 0.693247 0.728253 0.447089 49 84
P 81 0 0.874058 0.820804 0.59524 0.822945 0.8266 0.656422 52 101
P 82 0 0.723224 0.60272 -0.000171718 0.680821 0.623615 0.0671612 177 196
P 83 0 0.297076 1.01618 0.284232 0.293604 0.937407 0.26486 165 128
P 84 0 0.893457 0.867074 0.601808 0.860725 0.797076 0.571016 24 189
P 85 0 0.710021 0.677154 1.01127 0.689042 0.7233 0.951088 105 77
P 86 0 0.812913 0.764037 0.968944 0.816065 0.685824 1.00643 29 50
P 87 0 0.820107 0.508694 0.522448 0.780152 0.554296 0.571472 175 150
P 88 0 0.840948 0.792576 0.735001 0.873646 0.725338 0.761981 7 22
P 89 0 0.759622 0.515109 0.573164 0.811207 0.551434 0.607549 150 83
P 90 0 0.872646 0.642529 0.547788 0.850075 0.681838 0.607683 197 176
P 91 0 0.645355 0.62632 0.763462 0.586374 0.603489 0.721202 118 120
P 92 0 0.663365 0.640791 0.696929 0.653218 0.567297 0.728171 167 183
P 93 0 0.817878 0.779935 0.762718 0.809704 0.702263 0.749539 7 96
P 94 0 0.740985 0.552781 0.000666634 0.704092 0.591069 0.0541872 161 196
P 95 0 0.757033 0.610105 0.719616 0.704048 0.63633 0.766514 114 118
P 96 0 0.852674 0.63512 0.525646 0.811306 0.594766 0.47133 175 97
P 97 0 0.848465 0.796694 0.725971 0.806919 0.73435 0.697464 7 96
P 98 0 0.88104 0.583112 0.538501 0.901457 0.611043 0.616052 197 22
P 99 0 0.60428 0.619314 0.761325 0.566041 0.686995 0.782626 118 116
P 100 0 0.761661 0.711711 0.823286 0.750667 0.696893 0.74781 152 142
P 101 0 0.871367 0.556764 0.498983 0.846165 0.520768 0.565544 173 83
P 102 0 0.786888 0.594429 1.00271 0.84243 0.651733 0.993376 105 50
P 103 0 0.889809 0.776973 0.703586 0.824221 0.773339 0.668317 140 33
P 104 0 0.758411 0.512798 0.573264 0.804948 0.556925 0.615071 150 83
P 105 0 0.733695 0.819542 0.793488 0.784586 0.826976 0.734367 100 179
P 106 0 0.674133 0.497718 0.624004 0.701329 0.47178 0.689096 3 184
P 107 0 0.650098 0.670955 0.963854 0.589147 0.620468 0.968876 104 133
P 108 0 0.736561 0.599438 0.939645 0.770386 0.612189 1.00455 117 105
P 109 0 0.808726 0.713535 0.731245 0.79656 0.788148 0.736759 96 33
P 110 0 0.669619 0.443973 0.679337 0.662838 0.498526 0.624449 184 3
P 111 0 0.917661 0.766674 0.725502 0.851416 0.798311 0.722426 140 7
P 112 0 0.802009 0.702738 0.623863 0.804487 0.62679 0.644505 176 60
P 113 0 0.0325988 0.255197 0.385476 0.0851839 0.308641 0.403257 75 199
P 114 0 0.809754 0.769785 0.976721 0.750628 0.76085 0.930629 29 38
P 115 0 0.343967 0.284352 0.768122 0.31851 0.217018 0.736525 180 46
P 116 0 0.85743 0.575066 0.55621 0.871693 0.649275 0.548842 13 197
P 117 0 0.768125 0.717472 0.63527 0.795476 0.774716 0.599331 176 25
P 118 0 0.751454 0.650984 0.600708 0.81974 0.629861 0.56821 183 150
P 119 0 0.717783 0.770577 0.893414 0.748456 0.828069 0.844855 77 100
P 120 0 0.808845 0.799066 0.54203 0.766199 0.797479 0.472004 189 49
P 121 0 0.741905 0.600995 0.0480404 0.720312 0.666078 0.0101225 161 105
P 122 0 0.778331 0.715923 0.809722 0.74923 0.641944 0.811124 152 93
P 123 0 0.793985 0.589351 -0.0278307 0.741558 0.582783 0.0301456 177 161
P 124 0 0.559908 0.572274 0.863557 0.568069 0.637143 0.820068 134 8
P 125 0 0.740516 0.758143 0.943989 0.819766 0.751569 0.952071 38 29
P 126 0 0.813586 0.549347 0.604691 0.755387 0.507026 0.573513 83 150
P 127 0 0.703732 0.795856 0.921474 0.707279 0.749247 0.987902 182 38
P 128 0 0.834539 0.658108 0.566991 0.832724 0.583958 0.550096 150 13
P 129 0 0.83315 0.81883 0.581648 0.867898 0.749954 0.560242 52 33
P 130 0 0.667486 0.630094 0.764613 0.729209 0.62371 0.809859 118 93
P 131 0 0.717534 0.819629 0.00463669 0.695942 0.746212 0.00288064 182 38
P 132 0 0.745315 0.533415 0.0312043 0.730856 0.601278 -0.00315495 196 177
P 133 0 0.71057 0.479884 0.69194 0.766131 0.432005 0.65749 184 45
P 134 0 0.603158 0.619123 0.761267 0.652548 0.566726 0.729041 118 183
P 135 0 0.855141 0.789792 0.676308 0.850972 0.759016 0.602123 140 33
P 136 0 0.820468 0.63125 0.56815 0.874096 0.595012 0.601944 150 60
P 137 0 0.830729 0.614811 0.62846 0.827063 0.691844 0.615429 60 176
P 138 0 0.849503 0.622809 0.525335 0.794986 0.58261 0.57025 175 150
P 139 0 0.876316 0.670428 0.598849 0.820105 0.619661 0.634956 176 60
P 140 0 0.818507 0.644563 0.609539 0.870528 0.65752 0.550131 167 197
P 141 0 0.590995 0.619271 0.9676 0.627043 0.649667 0.902917 133 98
P 142 0 0.690137 0.7251 0.948892 0.705692 0.799233 0.933285 77 182
P 143 0 0.81056 0.869415 0.668041 0.872438 0.853772 0.625337 142 94
P 144 0 0.803724 0.849722 0.677146 0.85766 0.857172 0.619501 142 94
P 145 0 0.804532 0.575441 0.000744516 0.79504 0.522235 0.0542916 105 92
P 146 0 0.802282 0.785085 0.7226 0.819519 0.72633 0.776211 33 152
P 147 0 0.788368 0.763766 0.798171 0.731201 0.778233 0.853698 7 26
P 148 0 0.827906 0.672007 0.681506 0.827127 0.644773 0.604683 114 167
P 149 0 0.684239 0.687519 0.071094 0.743177 0.667676 0.11356 41 161
P 150 0 0.737979 0.705728 0.842554 0.674425 0.719569 0.795366 152 78
P 151 0 0.690413 0.82499 0.590098 0.619617 0.850966 0.588572 157 101
P 152 0 0.341982 0.849967 0.511623 0.327296 0.843354 0.436828 115 48
P 153 0 0.809345 0.610019 0.569067 0.878613 0.60029 0.541186 150 197
P 154 0 0.825926 0.864473 0.606971 0.807519 0.938501 0.63402 94 17
P 155 0 0.78821 0.708738 0.628508 0.841321 0.764184 0.626005 176 33
P 156 0 0.727354 0.943106 0.621253 0.738697 0.88454 0.572527 137 94
P 157 0 0.825448 0.617221 0.631689 0.861083 0.677052 0.603977 60 176
P 158 0 0.784486 0.579846 0.355399 0.806884 0.626041 0.415817 6 68
P 159 0 0.700575 0.595988 0.056148 0.629564 0.620416 0.036438 196 177
P 160 0 0.741645 0.951324 0.589696 0.711582 0.920114 0.522923 137 131
P 161 0 0.792417 0.567917 0.630128 0.804111 0.644213 0.617648 83 167
P 162 0 0.893475 0.495084 0.524744 0.828569 0.541542 0.523279 197 175
P 163 0 0.703823 0.606386 0.00741153 0.648073 0.655909 0.0333012 177 77
P 164 0 0.843688 0.561625 0.493415 0.876544 0.614938 0.543475 173 197
P 165 0 0.629975 0.547496 0.75833 0.635677 0.624669 0.762958 183 118
P 166 0 0.818141 0.695723 0.618433 0.857105 0.755733 0.58695 176 33
P 167 0 0.687879 0.721386 0.953423 0.66264 0.738812 0.877934 77 171
P 168 0 0.852816 0.758029 0.597561 0.844002 0.684479 0.609727 33 176
P 169 0 0.772454 0.682406 0.940123 0.746369 0.75971 0.936256 26 38
P 170 0 0.674072 0.811154 0.528791 0.633284 0.870951 0.562152 52 157
P 171 0 0.885848 0.898846 0.710036 0.920434 0.960249 0.675262 179 24
P 172 0 0.821583 0.818272 0.577805 0.771389 0.800503 0.521103 52 189
P 173 0 0.887845 0.534936 0.530972 0.917306 0.58017 0.474805 197 68
P 174 0 0.671501 0.651888 -0.00777493 0.689277 0.611788 0.0624466 104 196
P 175 0 0.891119 0.653529 0.670298 0.857943 0.678417 0.605034 22 176
P 176 0 0.478583 0.927833 0.946179 0.478583 0.927833 0.946179 -1 178
P 177 0 0.825308 0.586627 0.548261 0.799406 0.561786 0.621729 13 83
P 178 0 0.757799 0.656389 0.592476 0.762794 0.645824 0.669997 183 60
P 179 0 0.779196 0.712658 0.631543 0.839969 0.764908 0.629351 176 33
P 180 0 0.798586 0.629488 0.411385 0.79667 0.551228 0.436742 68 97
P 181 0 0.598355 0.84778 0.666495 0.629672 0.849761 0.591927 31 101
P 182 0 0.6966 0.783573 0.878505 0.74836 0.828014 0.844523 182 100
P 183 0 0.798909 0.769541 0.785507 0.803571 0.775021 0.860679 7 38
P 184 0 0.760121 0.623236 1.00569 0.725989 0.588231 0.943567 105 117
P 185 0 0.806775 0.605113 0.569278 0.833543 0.660922 0.523885 150 97
P 186 0 0.794995 0.713067 1.01686 0.818322 0.754196 0.955627 50 29
P 187 0 0.852192 0.605012 0.615337 0.877863 0.605601 0.542016 60 197
P 188 0 0.601564 0.625706 0.0473826 0.675567 0.630963 0.0700904 177 196
P 189 0 0.87632 0.593997 0.600584 0.834208 0.657475 0.567018 60 150
P 190 0 0.702506 0.841033 0.616232 0.758998 0.87987 0.580543 101 94
P 191 0 0.605643 0.647755 0.731284 0.563438 0.690681 0.781239 98 116
P 192 0 0.921574 0.8886 0.752322 0.852063 0.874867 0.718154 194 179
P 193 0 0.775173 0.607037 1.00401 0.778521 0.668313 0.952833 105 26
P 194 0 0.705315 0.564932 0.747426 0.661802 0.629125 0.764317 114 118
P 195 0 0.701038 0.691131 0.0506861 0.638921 0.640854 0.0516665 41 77
P 196 0 0.406521 0.985981 0.312973 0.436653 0.958859 0.387988 165 139
P 197 0 0.745113 0.714694 0.710715 0.77845 0.776922 0.710807 164 142
P 198 0 0.808853 0.570791 1.00026 0.85505 0.635415 0.987127 105 50
P 199 0 0.633825 0.650273 0.957316 0.646965 0.617128 1.02964 98 177
P 200 0 0.882828 0.815522 0.684688 0.887275 0.74345 0.721084 7 152
P 201 0 0.750694 0.956528 0.569713 0.759074 0.879852 0.580573 137 94
P 202 0 0.767456 0.745254 0.725449 0.771687 0.81782 0.737467 142 179
P 203 0 0.691822 0.775343 0.849713 0.703954 0.747828 0.921166 182 77
P 204 0 0.625405 0.622917 0.762424 0.592945 0.676076 0.715451 118 80
P 205 0 0.701283 0.365806 0.364885 0.656414 0.318241 0.309914 172 125
P 206 0 0.69377 0.608285 0.0113413 0.660142 0.675761 0.00908208 177 77
P 207 0 0.939545 0.205446 0.40081 0.932256 0.273328 0.35576 174 21
P 208 0 0.788227 0.643827 0.626595 0.834171 0.657405 0.567021 167 150
P 209 0 0.748077 0.492428 0.621087 0.775643 0.545689 0.571844 3 150
P 210 0 0.774387 0.543292 0.571947 0.851628 0.515975 0.55898 150 83
P 211 0 0.825214 0.56487 0.489698 0.779917 0.602964 0.537028 173 13
P 212 0 0.598631 0.618351 0.761032 0.61775 0.648837 0.828382 118 98
P 213 0 0.863663 0.572822 0.557752 0.835723 0.61253 0.625406 13 60
P 214 0 0.833586 0.768325 0.645144 0.878464 0.813131 0.689931 33 7
P 215 0 0.783813 0.64372 0.629081 0.842566 0.684812 0.673623 167 114
P 216 0 0.870947 0.672763 0.600656 0.834613 0.613037 0.626085 176 60
P 217 0 0.564248 0.596671 0.891025 0.606539 0.609202 0.956865 134 133
P 218 0 0.842231 0.93879 0.616317 0.81375 0.878603 0.663793 17 142
P 219 0 0.801106 0.817284 0.571001 0.776926 0.832115 0.641066 52 101
P 220 0 0.678089 0.811348 0.530126 0.710395 0.808915 0.599873 52 157
P 221 0 0.598438 0.680427 0.735507 0.587062 0.604036 0.719444 80 120
P 222 0 0.841781 0.763938 0.624866 0.848755 0.682412 0.608127 33 176
P 223 0 0.882845 0.570334 0.536504 0.8229 0.519534 0.522722 197 175
P 224 0 0.676048 0.738301 0.553738 0.678611 0.759964 0.629502 25 119
P 225 0 0.831449 0.675102 0.679601 0.761573 0.646382 0.670744 114 60
P 226 0 0.610141 0.648157 0.76736 0.624437 0.616585 0.832338 98 8
P 227 0 0.763147 0.521838 0.572874 0.838462 0.527525 0.5748 150 83
P 228 0 0.808376 0.863122 0.670951 0.791158 0.872471 0.593242 142 94
P 229 0 0.649557 0.564178 0.732922 0.583253 0.601008 0.72917 183 120
P 230 0 0.702285 0.793365 0.912757 0.77688 0.767877 0.895944 182 38
P 231 0 0.766359 0.763893 0.627249 0.841566 0.788768 0.616925 157 25
P 232 0 0.869571 0.742085 0.783363 0.810642 0.691463 0.767069 22 96
P 233 0 0.785239 0.564005 0.571053 0.841657 0.59235 0.524564 150 175
P 234 0 0.626631 0.649631 0.899619 0.634574 0.612887 0.834544 98 8
P 235 0 0.787749 0.816639 0.566563 0.724258 0.797762 0.606654 52 157
P 236 0 0.602246 0.89592 0.546969 0.682601 0.897445 0.550377 157 94
P 237 0 0.858739 0.590911 0.40482 0.798314 0.556118 0.440627 6 97
P 238 0 0.818789 0.751911 0.767842 0.812099 0.674674 0.794317 78 96
P 239 0 0.830246 0.534733 0.584673 0.855721 0.603401 0.613179 83 60
P 240 0 0.620281 0.69773 0.815265 0.623751 0.616835 0.832188 80 8
P 241 0 0.915754 0.794965 0.601761 0.869057 0.749334 0.557376 189 33
P 242 0 0.842882 0.794325 0.666662 0.856564 0.857424 0.619069 140 94
P 243 0 0.835716 0.529934 0.5781 0.757875 0.511774 0.573308 83 150
P 244 0 0.800352 0.84001 0.681637 0.742273 0.780115 0.695449 142 164
P 245 0 0.800365 0.82544 1.01169 0.814293 0.761526 0.965545 112 29
P 246 0 0.846318 0.761508 0.613639 0.827217 0.826088 0.657848 33 101
P 247 0 0.850984 0.577386 0.554615 0.85466 0.645442 0.589174 13 167
P 248 0 0.580076 0.598483 0.737283 0.649665 0.627055 0.763686 120 118
P 249 0 0.805472 0.740704 0.833795 0.811699 0.679277 0.786846 195 96
P 250 0 0.679694 0.741863 0.0243483 0.680651 0.686747 0.0754536 38 41
P 251 0 0.838334 0.81908 0.58337 0.866508 0.750699 0.563682 52 33
P 252 0 0.840243 0.668996 0.566521 0.877719 0.60662 0.542175 150 197
P 253 0 0.711411 0.809084 0.967746 0.778518 0.845435 0.94947 182 100
P 254 0 0.788236 0.526138 0.41681 0.791047 0.580824 0.359766 97 6
P 255 0 0.697007 0.841692 0.614397 0.64024 0.865354 0.565555 101 157
P 256 0 0.807363 0.554806 0.612169 0.752804 0.502095 0.573726 83 150
P 257 0 0.638872 0.866455 0.564885 0.672132 0.81106 0.528147 157 52
P 258 0 0.738048 0.59992 -0.00596604 0.742365 0.625084 0.0717105 177 161
P 259 0 0.666864 0.780469 0.55452 0.654391 0.846799 0.600176 159 101
P 260 0 0.746668 0.490382 0.574232 0.812163 0.487844 0.618559 150 3
P 261 0 0.592631 0.608462 0.705226 0.648045 0.56289 0.734884 120 183
P 262 0 0.550736 0.591959 0.640437 0.592478 0.608341 0.705615 123 120
P 263 0 0.792392 0.830262 0.646227 0.741668 0.794037 0.692201 101 164
P 264 0 0.800303 0.562034 0.445327 0.8142 0.623001 0.419725 97 68
P 265 0 0.772137 0.647943 0.770055 0.74583 0.698189 0.714567 118 164
P 266 0 0.932511 0.761183 0.737186 0.857928 0.760679 0.76038 140 78
P 267 0 0.880977 0.583553 0.53857 0.857604 0.645514 0.587515 197 167
P 268 0 0.79174 0.815202 0.693107 0.825845 0.7843 0.753147 142 7
P 269 0 0.720709 0.639172 0.767381 0.780632 0.630717 0.706926 118 114
P 270 0 0.805315 0.783461 0.715097 0.83015 0.825737 0.658827 33 101
P 271 0 0.705381 0.798697 0.931412 0.738844 0.760479 0.86971 182 26
P 272 0 0.821553 0.743551 0.832785 0.852069 0.759367 0.761497 195 78
P 273 0 0.883023 0.569074 0.536307 0.831885 0.533295 0.582703 197 83
P 274 0 0.803025 0.79929 0.538779 0.760125 0.75341 0.492779 189 49
P 275 0 0.820807 0.749676 0.949509 0.791243 0.771722 0.876967 29 38
P 276 0 0.851829 0.631839 0.525563 0.812616 0.598666 0.474428 175 97
P 277 0 0.742792 0.647489 0.0937254 0.673022 0.685107 0.0847212 161 41
P 278 0 0.600787 0.62521 0.82719 0.557496 0.558712 0.848289 8 134
P 279 0 0.766079 0.432553 0.673006 0.707538 0.477225 0.691007 45 184
P 280 0 0.750777 0.650407 0.601586 0.700717 0.670412 0.658814 183 54
P 281 0 0.728469 0.754285 0.57375 0.756555 0.801072 0.512816 25 189
P 282 0 0.794686 0.772643 0.872418 0.723612 0.79586 0.837801 38 26
P 283 0 0.875144 0.670938 0.599244 0.825464 0.617214 0.631679 176 60
P 284 0 0.720251 0.582149 0.945696 0.770911 0.611624 1.00449 117 105
P 285 0 0.0856304 0.311422 0.399891 0.0332684 0.24859 0.407547 199 75
P 286 0 0.0326785 0.254411 0.388102 0.0849296 0.307057 0.405174 75 199
P 287 0 0.818317 0.627144 0.568327 0.748527 0.64849 0.604506 150 183
P 288 0 0.654334 0.568248 0.726724 0.581168 0.599351 0.734493 183 120
P 289 0 0.758016 0.512043 0.573296 0.827595 0.537058 0.587858 150 83
P 290 0 0.612348 0.648354 0.785057 0.626503 0.702659 0.837984 98 80
P 291 0 0.701707 0.792368 0.909272 0.769684 0.840331 0.918726 182 100
P 292 0 0.827161 0.671357 0.681907 0.849734 0.681986 0.607798 114 176
P 293 0 0.793849 0.542833 0.430073 0.811713 0.624034 0.418397 97 68
P 294 0 0.2829 0.319716 0.688989 0.304943 0.241044 0.689974 180 46
P 295 0 0.790976 0.569181 0.631859 0.765077 0.525522 0.572714 83 150
P 296 0 0.862108 0.600485 0.609274 0.882 0.576314 0.537439 60 197
P 297 0 0.705897 0.588544 0.0531807 0.639808 0.61848 0.0324337 196 177
P 298 0 0.716745 0.768869 0.895497 0.72727 0.703022 0.851266 77 152
P 299 0 0.708132 0.619256 0.0407821 0.741056 0.556497 0.00431732 104 161
P 300 0 0.661411 0.629058 0.764297 0.639856 0.555914 0.745509 118 183
P 301 0 0.861257 0.451043 0.255139 0.819293 0.434176 0.187761 21 15
P 302 0 0.796718 0.596917 0.541186 0.83413 0.657327 0.567024 13 150
P 303 0 0.706736 0.800183 0.694114 0.78232 0.788069 0.705653 54 142
P 304 0 0.814515 0.827611 0.653609 0.856135 0.800897 0.716756 101 7
P 305 0 0.7147 0.576233 0.0482731 0.760437 0.622896 0.00565455 196 105
P 306 0 0.654995 0.758299 0.858969 0.734308 0.771014 0.860209 171 26
P 307 0 0.832666 0.798102 0.658624 0.841345 0.792793 0.734525 140 7
P 308 0 0.805191 0.699884 1.01182 0.812535 0.764724 0.969873 50 29
P 309 0 0.742862 0.651158 0.0973301 0.706997 0.620267 0.0392782 161 104
P 310 0 0.802079 0.829101 0.64946 0.741262 0.803393 0.690017 101 164
P 311 0 0.798682 0.562421 0.6226 0.795363 0.630956 0.650084 83 60
P 312 0 0.711484 0.699033 0.86411 0.70091 0.742821 0.927274 152 77
P 313 0 0.665214 0.640836 0.695888 0.696807 0.635095 0.766137 167 118
P 314 0 0.678498 0.588833 0.69537 0.606626 0.572679 0.722617 183 187
P 315 0 0.745699 0.638756 0.00729555 0.70247 0.691439 0.048947 105 41
P 316 0 0.622066 0.631859 0.630068 0.595807 0.592332 0.568095 120 123
P 317 0 0.911587 0.325064 0.326468 0.971407 0.27066 0.334572 21 63
P 318 0 0.739219 0.850462 0.679034 0.808207 0.828366 0.651504 164 101
P 319 0 0.868831 0.78473 0.68708 0.789892 0.809881 0.695568 140 142
P 320 0 0.747503 0.835641 0.631247 0.736862 0.904741 0.666368 101 164
P 321 0 0.644638 0.847967 0.596921 0.669344 0.810926 0.52722 101 52
P 322 0 0.828599 0.781721 0.827611 0.846591 0.711267 0.85729 38 0
P 323 0 0.770695 0.622608 0.079277 0.743438 0.681339 0.126985 132 161
P 324 0 0.879959 0.59076 0.539697 0.858387 0.602184 0.611549 197 60
P 325 0 0.795254 0.451275 0.343606 0.760516 0.450562 0.413132 53 4
P 326 0 0.700437 0.674292 0.708125 0.704084 0.742987 0.678556 60 54
P 327 0 0.788028 0.704431 0.991738 0.803904 0.780427 0.991124 91 29
P 328 0 0.724017 0.813951 0.759809 0.710252 0.87599 0.714736 100 54
P 329 0 0.844978 0.645207 0.594628 0.849291 0.577995 0.554195 167 13
P 330 0 0.741299 0.569229 0.0168275 0.677214 0.611413 0.0178127 161 177
P 331 0 0.753115 0.502689 0.5737 0.811821 0.550896 0.606812 150 83
P 332 0 0.810111 0.591212 0.468506 0.788833 0.633539 0.406174 97 68
P 333 0 0.739282 0.849008 0.679373 0.748577 0.801418 0.74302 164 179
P 334 0 0.821977 0.541986 0.594608 0.813383 0.617726 0.568734 83 150
P 335 0 0.308052 0.305151 0.721581 0.295554 0.25767 0.657759 180 46
P 336 0 0.91931 0.579337 0.475875 0.880423 0.587474 0.539183 68 197
P 337 0 0.667116 0.49822 0.62428 0.673697 0.447549 0.680592 3 184
P 338 0 0.841367 0.591225 0.524536 0.86174 0.603253 0.445121 175 68
P 339 0 0.602594 0.569988 0.725247 0.674441 0.585377 0.700634 187 183
P 340 0 0.565577 0.604141 0.899436 0.627823 0.649737 0.909172 134 98
P 341 0 0.697203 0.628992 0.0262951 0.67007 0.692093 -0.0108407 104 77
P 342 0 0.850684 0.734204 0.750855 0.921352 0.765309 0.728406 152 140
P 343 0 0.71698 0.818674 0.00129498 0.792491 0.801189 0.0192194 182 29
P 344 0 0.952727 0.394164 0.737369 0.913072 0.417924 0.667695 36 59
P 345 0 0.68093 0.643488 0.00472445 0.684416 0.687557 0.0708799 104 41
P 346 0 0.872165 0.595894 0.603125 0.803053 0.558587 0.617347 60 83
P 347 0 0.793111 0.846956 0.523073 0.762841 0.773117 0.483489 51 49
P 348 0 0.759372 0.950327 0.726501 0.705781 0.930701 0.66889 37 137
P 349 0 0.571363 0.549139 0.745619 0.598918 0.6184 0.761046 187 118
P 350 0 0.704596 0.754041 0.681563 0.775902 0.769582 0.714201 54 142
P 351 0 0.776727 0.639464 0.661478 0.842129 0.68443 0.673858 60 114
P 352 0 0.742854 0.650703 0.0968831 0.7002 0.596512 0.0563571 161 196
P 353 0 0.780569 0.752461 0.6342 0.837818 0.796197 0.662678 157 140
P 354 0 0.703153 0.748142 -0.00664613 0.699993 0.690906 0.0519561 38 41
P 355 0 0.813575 0.59085 0.545357 0.857476 0.645511 0.587588 13 167
P 356 0 0.794734 0.713405 0.0169932 0.803559 0.633413 0.00293372 50 132
P 357 0 0.741019 0.554579 0.00243318 0.817038 0.561983 -0.000648011 161 105
P 358 0 0.786324 0.771925 0.595836 0.716821 0.803745 0.603016 25 157
P 359 0 0.737764 0.883971 0.671215 0.78621 0.831002 0.644164 164 101
P 360 0 0.933013 0.604566 0.487408 0.882391 0.573547 0.537006 14 197
P 361 0 0.846094 0.819455 0.585949 0.839158 0.824657 0.661833 52 101
P 362 0 0.763604 0.734157 0.73058 0.804744 0.772739 0.778496 142 7
P 363 0 0.046928 0.340476 0.908039 0.11421 0.298253 0.90611 73 69
P 364 0 0.584169 0.601736 0.726833 0.652666 0.566827 0.728887 120 183
P 365 0 0.642515 0.55818 0.742058 0.591465 0.607535 0.708204 183 120
P 366 0 0.131467 0.391417 0.511934 0.0675074 0.382445 0.468544 65 40
P 367 0 0.803992 0.713269 0.925615 0.79823 0.787407 0.953128 41 112
P 368 0 0.73865 0.863562 0.675977 0.70895 0.932523 0.661892 164 137
P 369 0 0.675797 0.844234 0.607319 0.730445 0.886438 0.569269 101 94
P 370 0 0.789921 0.830762 0.733086 0.810713 0.869855 0.667837 179 142
P 371 0 0.756629 0.714066 0.73987 0.721042 0.781876 0.749636 142 179
P 372 0 0.8913 0.590973 0.460912 0.877735 0.606509 0.542158 68 197
P 373 0 0.785356 0.650198 0.770743 0.801354 0.72174 0.790991 118 152
P 374 0 0.7268 0.815559 0.769495 0.709784 0.865896 0.71199 100 54
P 375 0 0.723371 0.64225 0.663128 0.683887 0.681848 0.718244 167 60
P 376 0 0.804593 0.722559 0.788355 0.812925 0.777525 0.848319 152 38
P 377 0 0.834362 0.543339 0.997423 0.888649 0.591972 0.97049 105 50
P 378 0 0.287084 0.317293 0.694411 0.287776 0.271445 0.63107 180 46
P 379 0 0.771582 0.757139 0.719954 0.722524 0.813089 0.754614 142 100
P 380 0 0.728998 0.754446 0.573952 0.724312 0.736522 0.650019 25 176
P 381 0 0.813775 0.549181 0.604464 0.876509 0.593911 0.600469 83 60
P 382 0 0.68294 0.63273 0.765416 0.616607 0.581555 0.752653 118 185
P 383 0 0.945476 0.587749 0.484902 0.874523 0.55621 0.499618 14 173
P 384 0 0.716909 0.729087 0.787266 0.737876 0.793823 0.745591 78 179
P 385 0 0.67827 0.541311 0.761968 0.702973 0.599815 0.808202 114 93
P 386 0 0.224371 0.283309 0.841133 0.172563 0.334383 0.88343 9 69
P 387 0 0.696332 0.783112 0.876891 0.764598 0.764589 0.912171 182 38
P 388 0 0.724119 0.736606 0.650084 0.717862 0.802908 0.603525 176 157
P 389 0 0.755861 0.507929 0.573474 0.828486 0.536276 0.586787 150 83
P 390 0 0.717965 0.808979 0.82597 0.770722 0.754097 0.819371 26 7
P 391 0 0.828793 0.647141 0.567464 0.757683 0.65629 0.592625 150 183
P 392 0 0.657217 0.628343 0.764078 0.67287 0.584039 0.702672 118 183
P 393 0 0.797517 0.631426 1.01697 0.778652 0.668009 0.953107 132 26
P 394 0 0.773066 0.766856 0.900982 0.701752 0.792448 0.909549 38 182
P 395 0 0.860549 0.820152 0.590752 0.885797 0.896685 0.580324 52 198
P 396 0 0.575407 0.566265 0.770468 0.510631 0.508596 0.785236 185 187
P 397 0 0.76273 0.73164 0.731744 0.782103 0.760333 0.805698 142 7
P 398 0 0.747024 0.741478 0.886847 0.781854 0.708509 0.952509 26 41
P 399 0 0.810303 0.695364 0.760738 0.765613 0.656866 0.812159 96 93
