400 
 1.200000
P 0 0 0.780788 0.779717 0.928758 0.731302 0.805804 0.982958 41 38
P 1 0 0.622712 0.814821 0.860709 0.68075 0.775597 0.821535 78 146
P 2 0 0.892425 0.137086 0.256561 0.823267 0.0979298 0.251687 135 83
P 3 0 0.534636 0.942771 0.728262 0.557077 0.995649 0.792161 77 195
P 4 0 0.643125 0.830591 0.933351 0.675305 0.867697 0.867142 182 171
P 5 0 0.832316 0.676061 0.821228 0.832157 0.605972 0.855541 59 119
P 6 0 0.246955 0.137757 0.119075 0.237754 0.154496 0.197537 66 70
P 7 0 0.711367 0.664618 0.871811 0.767951 0.618494 0.909481 32 119
P 8 0 0.271613 0.884174 0.603503 0.199989 0.865975 0.633302 124 57
P 9 0 0.342067 0.097104 0.105654 0.331952 0.043093 0.0459003 177 131
P 10 0 0.27344 0.0488618 0.13129 0.277016 0.118019 0.0865441 61 177
P 11 0 0.622796 0.765309 0.793009 0.54411 0.771595 0.782397 96 179
P 12 0 0.102854 0.102202 0.470088 0.073672 0.129285 0.401042 23 126
P 13 0 0.888847 0.686871 0.849753 0.956967 0.685853 0.893224 80 117
P 14 0 0.815547 0.076348 0.272261 0.81309 0.0341768 0.347321 132 192
P 15 0 0.267786 0.0634625 0.151742 0.234952 0.0350884 0.0863994 66 14
P 16 0 0.535191 0.935525 0.834339 0.534367 0.883014 0.892475 78 93
P 17 0 0.195204 0.129938 0.443309 0.168013 0.201435 0.432941 166 31
P 18 0 0.0509916 0.251888 0.402125 0.0996548 0.270445 0.340491 23 76
P 19 0 0.985112 0.95642 0.70603 0.954002 1.0088 0.747721 6 69
P 20 0 0.101854 0.283252 0.318565 0.128626 0.242733 0.375238 76 122
P 21 0 0.0666764 0.206618 0.422679 0.061913 0.182531 0.498655 23 102
P 22 0 0.23449 0.25121 0.103329 0.158038 0.267651 0.120637 84 169
P 23 0 0.358439 0.905681 0.906814 0.43771 0.885386 0.885795 52 140
P 24 0 0.147406 0.192835 0.391913 0.0966907 0.253182 0.370046 31 76
P 25 0 0.411836 0.874972 0.904687 0.42059 0.941596 0.864429 101 33
P 26 0 0.131538 0.22379 0.291999 0.149297 0.186278 0.223198 82 141
P 27 0 0.611127 0.858235 0.925551 0.600329 0.852141 1.00227 182 38
P 28 0 0.401484 0.918091 0.781829 0.42985 0.856641 0.744258 157 54
P 29 0 0.936137 0.74518 0.888513 0.870956 0.781984 0.885863 117 8
P 30 0 0.861892 0.912482 0.286534 0.878303 0.898693 0.214505 181 125
P 31 0 0.133338 0.306961 0.164422 0.167422 0.234517 0.157193 180 186
P 32 0 0.820622 0.126776 0.261328 0.792235 0.1469 0.33441 83 192
P 33 0 0.832807 0.0441729 0.280599 0.834682 0.00460736 0.211724 132 147
P 34 0 0.171042 0.192432 0.125214 0.24106 0.158782 0.109831 186 66
P 35 0 0.921752 0.918102 0.313518 0.943766 0.987642 0.351932 197 111
P 36 0 0.236538 -0.0380443 0.628044 0.209819 0.0460185 0.599599 43 4
P 37 0 0.104991 0.139116 0.427838 0.161176 0.0806544 0.421246 35 55
P 38 0 0.14047 0.310406 0.146117 0.159594 0.325536 0.226357 180 186
P 39 0 0.0939266 0.17844 0.11282 0.170331 0.200703 0.131499 116 186
P 40 0 0.833096 0.674985 0.822499 0.887484 0.703949 0.865897 59 80
P 41 0 0.500547 0.82842 0.740723 0.429974 0.856596 0.744187 88 54
P 42 0 0.512092 0.924463 0.707993 0.543978 0.901341 0.778245 60 77
P 43 0 0.914389 0.225178 0.14693 0.9095 0.281129 0.20714 89 154
P 44 0 0.763597 0.187767 0.179373 0.808512 0.167406 0.240437 130 113
P 45 0 0.158033 0.343679 0.240143 0.142676 0.274633 0.206623 186 3
P 46 0 0.607435 0.769475 0.74622 0.593575 0.721925 0.808032 142 199
P 47 0 0.800155 0.10504 0.264825 0.815456 0.183111 0.280155 132 83
P 48 0 0.792883 0.81352 0.983075 0.754362 0.85612 0.932926 196 190
P 49 0 0.995311 0.139726 0.258398 0.98269 0.218403 0.208332 62 154
P 50 0 0.275792 0.0349079 0.164297 0.230161 0.0726165 0.113383 66 14
P 51 0 0.116224 0.120496 0.398452 0.170443 0.140618 0.347945 126 99
P 52 0 0.903483 1.00633 0.34602 0.93557 0.948965 0.302195 197 53
P 53 0 0.0660645 0.207532 0.321199 0.0958679 0.24839 0.37825 122 76
P 54 0 0.682239 0.77008 0.699749 0.646453 0.837924 0.690516 98 114
P 55 0 0.646222 0.757855 0.712486 0.575895 0.74879 0.685563 167 118
P 56 0 0.525996 0.90348 0.71739 0.507415 0.828483 0.699837 60 54
P 57 0 0.882695 0.0655755 0.18594 0.826953 0.057729 0.238252 113 83
P 58 0 0.0859407 0.126751 0.400295 0.122953 0.0571654 0.409323 126 55
P 59 0 0.92588 0.208652 0.269939 0.93776 0.256909 0.2076 89 154
P 60 0 0.509782 0.900155 0.64274 0.529052 0.898868 0.719456 127 60
P 61 0 0.646326 0.693679 0.689216 0.570775 0.678166 0.686719 112 199
P 62 0 0.105475 0.085364 0.417759 0.0508425 0.134 0.402431 35 126
P 63 0 0.10419 0.2281 0.444523 0.107662 0.230937 0.357129 35 122
P 64 0 0.861684 -0.00965675 0.294549 0.920734 0.0333165 0.308862 132 175
P 65 0 0.760334 0.761024 0.890996 0.810156 0.782835 0.945435 190 196
P 66 0 0.929862 0.263678 0.207471 0.925142 0.209713 0.262044 154 89
P 67 0 0.559807 0.657116 0.628361 0.581171 0.73219 0.620759 199 42
P 68 0 0.765235 0.682975 0.856582 0.838843 0.667059 0.831863 190 59
P 69 0 0.912322 0.22815 0.124806 0.896123 0.160435 0.0941377 89 50
P 70 0 0.310561 0.125807 0.193071 0.273316 0.170945 0.140762 104 70
P 71 0 0.517634 0.959737 0.829049 0.541456 0.912525 0.764752 78 77
P 72 0 0.498311 0.94526 0.69868 0.44038 0.981494 0.65506 60 176
P 73 0 0.07789 0.214186 0.331413 0.0378347 0.151661 0.354224 122 158
P 74 0 0.243483 0.104637 0.096083 0.268658 0.0603533 0.153109 28 66
P 75 0 0.0305987 0.150631 0.350868 0.0822587 0.216644 0.335187 158 122
P 76 0 0.582394 0.88469 0.667741 0.528262 0.916443 0.622039 114 127
P 77 0 0.838395 0.0337561 0.283298 0.894859 0.0888583 0.294484 132 150
P 78 0 0.252257 0.118848 0.127389 0.32701 0.101945 0.101231 66 177
P 79 0 0.227778 -0.0271314 0.590631 0.230124 0.070629 0.589475 43 4
P 80 0 0.231021 0.0658812 0.108541 0.161155 0.0530829 0.0749138 14 133
P 81 0 0.24954 0.920813 1.00423 0.182122 0.939845 0.961865 14 108
P 82 0 0.839257 0.731142 0.882025 0.762239 0.73069 0.877621 196 190
P 83 0 0.81017 0.735536 0.907785 0.764522 0.694329 0.861588 41 190
P 84 0 0.14403 0.344087 0.322626 0.158031 0.343701 0.24016 56 186
P 85 0 0.859295 0.833674 0.303649 0.832887 0.849383 0.377238 163 109
P 86 0 0.172007 0.181213 0.116689 0.107596 0.125601 0.125431 186 116
P 87 0 0.902164 0.0708583 0.290925 0.852465 0.00752825 0.290095 150 132
P 88 0 0.536513 0.9337 0.834738 0.540196 0.967497 0.905994 78 22
P 89 0 0.868514 0.794152 0.371274 0.873298 0.761165 0.301531 109 25
P 90 0 0.785848 0.153153 0.173033 0.76268 0.174897 0.246722 130 132
P 91 0 0.270331 0.169564 0.145527 0.290417 0.11371 0.0904809 70 177
P 92 0 0.699991 0.751773 0.715837 0.74112 0.795342 0.766419 98 32
P 93 0 0.620749 0.781481 0.743359 0.587665 0.758828 0.675299 142 118
P 94 0 0.359 0.0385618 0.268733 0.378287 0.0538714 0.190974 178 68
P 95 0 0.645448 0.838658 0.690159 0.607581 0.775813 0.657931 114 118
P 96 0 0.0807239 0.955901 0.0772643 0.0204715 0.940071 0.122485 36 188
P 97 0 0.491912 0.882423 0.925182 0.425055 0.915772 0.890917 7 140
P 98 0 0.808427 0.259773 0.305776 0.781457 0.23358 0.376444 83 65
P 99 0 0.958131 0.153149 0.408074 0.918905 0.0917439 0.386295 126 173
P 100 0 0.575888 0.899386 0.888152 0.628517 0.953815 0.854418 152 0
P 101 0 0.0838965 0.217566 0.336601 0.102724 0.288321 0.309886 122 76
P 102 0 0.970883 0.953862 0.325458 0.906744 0.98382 0.293702 111 175
P 103 0 0.43481 0.865607 0.778282 0.42593 0.928882 0.822292 88 157
P 104 0 0.0435261 0.126441 0.329571 0.00296159 0.184787 0.298985 99 97
P 105 0 0.497705 0.713193 0.730704 0.537739 0.67497 0.786404 100 179
P 106 0 0.870985 0.820553 0.320562 0.8123 0.86573 0.298145 163 174
P 107 0 0.107238 0.126987 0.125101 0.179066 0.0997694 0.145797 116 133
P 108 0 0.758786 0.730667 0.961544 0.819691 0.765899 0.92466 182 196
P 109 0 0.442998 0.872689 0.883654 0.520145 0.853604 0.896799 140 33
P 110 0 0.232828 0.0517241 0.098361 0.171615 0.0830363 0.0531016 14 28
P 111 0 0.572699 0.883795 0.84564 0.501952 0.895524 0.820682 78 195
P 112 0 0.10379 0.27256 0.45286 0.0638959 0.214643 0.419036 35 23
P 113 0 0.183914 0.143206 0.124322 0.229664 0.199429 0.0919584 84 66
P 114 0 0.736704 0.749744 0.956161 0.809377 0.784219 0.947133 182 196
P 115 0 0.980842 0.0322614 0.34647 0.916215 0.0173278 0.303965 173 175
P 116 0 0.97894 0.0670985 0.395804 0.900378 0.0416902 0.394292 49 111
P 117 0 0.459069 0.975792 0.880701 0.464123 0.989743 0.805241 152 176
P 118 0 0.0653345 0.210491 0.420921 0.116491 0.235905 0.364756 23 122
P 119 0 0.555335 0.868059 1.0089 0.613797 0.852664 0.958542 38 26
P 120 0 0.471289 0.992232 0.850569 0.449788 0.915789 0.873923 176 33
P 121 0 0.16962 0.208967 0.137779 0.0903023 0.19245 0.109476 186 116
P 122 0 0.557586 0.911357 0.886985 0.589382 0.949185 0.948319 152 93
P 123 0 0.343543 0.0637495 0.135488 0.263741 0.0778898 0.145398 61 66
P 124 0 0.191171 0.277925 0.429262 0.185286 0.208644 0.467331 122 31
P 125 0 0.722688 0.86708 0.970229 0.756697 0.818949 0.916537 41 190
P 126 0 0.927254 0.891531 0.303729 0.854502 0.898202 0.291621 197 181
P 127 0 0.646819 0.629896 0.840753 0.708241 0.650885 0.882883 137 32
P 128 0 0.0800438 0.209079 0.226268 0.0718129 0.188567 0.145918 82 141
P 129 0 0.34843 0.117229 0.257179 0.359531 0.0394408 0.270157 107 178
P 130 0 0.631126 0.795893 0.637397 0.640241 0.716236 0.629004 118 42
P 131 0 0.799622 0.801549 0.968391 0.722308 0.808987 0.984284 196 38
P 132 0 0.0287348 0.0774123 0.230844 0.00130798 0.128823 0.28842 72 97
P 133 0 0.89407 0.124938 0.25228 0.875039 0.0760845 0.191564 135 113
P 134 0 0.885977 0.722841 0.883756 0.838658 0.773348 0.845043 80 120
P 135 0 0.042444 0.975539 0.147316 0.0279518 1.01154 0.220154 40 143
P 136 0 0.163801 0.170767 0.300386 0.194422 0.194452 0.366522 12 129
P 137 0 0.869508 0.927199 0.281292 0.871819 0.903821 0.208919 181 125
P 138 0 0.800055 0.241233 0.368089 0.811689 0.224194 0.293885 65 83
P 139 0 0.105029 0.134877 0.427043 0.0618632 0.130136 0.360263 35 191
P 140 0 0.0351094 0.979001 0.151342 0.0426208 1.00409 0.223414 40 143
P 141 0 0.162827 0.279661 0.117484 0.228016 0.237385 0.106016 169 84
P 142 0 0.558006 0.839131 0.853298 0.56293 0.817716 0.93054 77 7
P 143 0 0.477206 0.65203 0.77421 0.532479 0.595182 0.789713 142 179
P 144 0 0.0414401 0.976012 0.147867 0.0395757 1.00564 0.222737 40 143
P 145 0 0.740816 0.581268 0.858951 0.752224 0.621562 0.922693 16 119
P 146 0 0.508805 0.863626 0.893112 0.512367 0.940932 0.884101 33 152
P 147 0 0.643405 0.804918 0.997603 0.571324 0.830344 0.982842 91 26
P 148 0 0.566816 0.896063 0.662202 0.523083 0.846652 0.621024 114 167
P 149 0 0.0858832 0.0867173 0.168138 0.0877491 0.0318961 0.109714 169 36
P 150 0 0.56051 0.828024 0.8667 0.635273 0.797498 0.864493 77 78
P 151 0 0.934847 0.0534541 0.236321 0.921192 0.0349352 0.309358 181 175
P 152 0 0.235935 0.177062 0.101793 0.252649 0.161386 0.173757 66 70
P 153 0 0.0506836 -7.46261e-07 0.225206 -0.0101967 0.000386046 0.176212 143 40
P 154 0 0.381543 0.895741 0.808717 0.370813 0.904553 0.731065 88 157
P 155 0 0.44469 0.860018 0.772637 0.401797 0.918229 0.782348 88 157
P 156 0 0.841471 0.781435 0.844397 0.784606 0.735233 0.865512 120 194
P 157 0 0.97814 0.0660648 0.395856 1.00113 0.144267 0.405457 49 126
P 158 0 0.0716438 0.148353 0.258019 0.0228625 0.183973 0.208987 115 154
P 159 0 0.187409 0.0877834 0.0625473 0.15044 0.0251506 0.0325047 28 133
P 160 0 0.758722 0.603318 0.844608 0.711888 0.583568 0.906871 16 137
P 161 0 0.875086 0.96536 0.301023 0.933887 1.01177 0.325521 132 53
P 162 0 0.228263 0.204426 0.0897611 0.249303 0.282843 0.0971807 66 84
P 163 0 0.0842267 0.0825634 0.169229 0.0385717 0.0158509 0.156888 169 72
P 164 0 0.89156 0.0969905 0.296091 0.834554 0.0409157 0.281443 150 132
P 165 0 0.62877 0.793883 0.639452 0.644584 0.759036 0.71127 118 167
P 166 0 0.975791 0.0371122 0.349717 0.897797 0.0337919 0.356135 173 197
P 167 0 0.634463 0.840065 0.997234 0.609614 0.859542 0.925182 38 182
P 168 0 0.948627 0.146723 0.302526 0.887375 0.0976783 0.340462 62 147
P 169 0 0.678311 0.886567 0.921634 0.689788 0.91655 0.993713 26 41
P 170 0 0.172668 0.173534 0.110854 0.245162 0.144154 0.116262 186 66
P 171 0 0.838023 0.668189 0.830528 0.886677 0.71406 0.875455 59 80
P 172 0 0.178497 0.0982851 0.143544 0.231733 0.0602993 0.104527 133 14
P 173 0 0.176214 0.276938 0.303848 0.100854 0.277427 0.328537 3 76
P 174 0 0.943089 0.0685184 0.370745 0.951962 0.143796 0.342699 173 175
P 175 0 0.148608 0.193336 0.394304 0.100531 0.143044 0.356642 31 191
P 176 0 0.126367 0.241462 0.373286 0.104016 0.247468 0.448155 122 35
P 177 0 0.854172 0.00434661 0.29092 0.809571 0.0531962 0.345143 132 192
P 178 0 0.00289494 0.143903 0.40535 0.0675293 0.132028 0.359733 126 191
P 179 0 0.463867 0.989654 0.803622 0.538753 0.962366 0.801642 176 195
P 180 0 0.103693 0.228704 0.353701 0.119596 0.220379 0.276756 122 82
P 181 0 0.323462 0.928597 0.841903 0.387904 0.970486 0.853802 88 33
P 182 0 0.525416 0.695508 0.763848 0.507077 0.685392 0.68564 142 100
P 183 0 0.367681 0.903583 0.816638 0.390324 0.968347 0.854589 88 33
P 184 0 0.816647 0.835482 0.98479 0.739511 0.841783 0.958221 161 41
P 185 0 0.169027 0.14046 0.34774 0.122868 0.192013 0.316068 99 12
P 186 0 0.698126 0.904013 0.987761 0.698186 0.897012 0.910263 41 26
P 187 0 0.0445376 0.152615 0.357332 0.0289788 0.186666 0.289165 158 122
P 188 0 0.840407 0.70705 0.944817 0.811495 0.780457 0.942518 161 196
P 189 0 0.90216 0.123794 0.376585 0.934039 0.0803886 0.323279 147 175
P 190 0 0.373728 0.983016 0.849192 0.360804 0.915124 0.894209 33 52
P 191 0 0.157773 0.346701 0.242439 0.166246 0.276253 0.274951 186 3
P 192 0 0.152105 0.0294909 0.0390944 0.14433 -0.0159618 0.0998892 133 153
P 193 0 0.767575 0.799584 0.938189 0.825976 0.754733 0.910963 41 196
P 194 0 0.679947 0.813472 0.702425 0.746715 0.819922 0.746603 114 32
P 195 0 0.824339 0.757642 0.914532 0.885856 0.724357 0.885189 196 80
P 196 0 0.0236088 0.694244 0.716204 0.0245767 0.738477 0.782555 138 151
P 197 0 0.571147 0.678881 0.6887 0.635556 0.715268 0.669746 199 112
P 198 0 0.0860103 0.0130863 0.101682 0.0100332 0.0134882 0.0801912 36 188
P 199 0 0.113643 0.156328 0.149863 0.14428 0.186426 0.218194 169 141
P 200 0 0.540554 0.928128 0.835955 0.613477 0.961519 0.829203 78 0
P 201 0 0.187461 0.158487 0.291322 0.135835 0.136752 0.342935 12 99
P 202 0 0.582382 0.746881 0.751605 0.538799 0.69104 0.785738 142 179
P 203 0 0.657109 0.677932 0.835764 0.596163 0.726892 0.821802 87 199
P 204 0 0.773483 0.675984 0.782441 0.803316 0.671725 0.853161 98 120
P 205 0 0.930304 0.20229 0.317298 0.889316 0.160045 0.264653 89 135
P 206 0 0.232718 0.0525859 0.0989807 0.277005 0.0305826 0.166199 14 66
P 207 0 0.806841 0.27707 0.311556 0.883034 0.275379 0.33081 83 65
P 208 0 0.0961965 0.250304 0.374973 0.128352 0.184882 0.353974 76 31
P 209 0 0.132659 0.186679 0.36255 0.0860522 0.168338 0.293798 31 115
P 210 0 0.0296362 0.0106841 0.220528 0.0396792 0.00891958 0.148561 143 72
P 211 0 0.168007 0.227724 0.152032 0.230153 0.241948 0.105129 186 84
P 212 0 0.668375 0.797046 0.804615 0.729275 0.7433 0.808376 146 32
P 213 0 0.0471588 0.26295 0.397103 0.103834 0.267706 0.45195 23 35
P 214 0 0.105252 0.110136 0.422404 0.168026 0.107871 0.468773 35 166
P 215 0 0.559851 0.944284 0.586655 0.550332 0.908097 0.656341 127 114
P 216 0 0.0532083 0.200299 0.310094 0.00525813 0.26251 0.313659 122 97
P 217 0 1.00042 0.168718 0.21738 0.960463 0.237452 0.20797 172 154
P 218 0 0.359932 0.0607604 0.19545 0.326468 -0.0152875 0.181485 68 178
P 219 0 0.354017 0.888022 0.930382 0.389886 0.834513 0.88493 52 101
P 220 0 0.138666 0.183813 0.310015 0.197612 0.201098 0.361414 12 129
P 221 0 0.736169 0.773587 0.783959 0.65983 0.811858 0.792931 32 146
P 222 0 0.224683 0.2504 0.410896 0.191731 0.188846 0.370832 82 129
P 223 0 0.956832 0.0385287 0.397246 0.998976 0.0148459 0.33481 49 173
P 224 0 0.0846821 -0.00128102 0.0955476 0.127789 0.0475441 0.144062 36 116
P 225 0 0.535595 0.837629 0.630317 0.525901 0.914362 0.624683 167 127
P 226 0 0.708143 0.650452 0.883232 0.739916 0.58016 0.859672 32 16
P 227 0 0.341793 -0.0108201 0.124213 0.342108 0.0634448 0.135402 184 61
P 228 0 0.92526 0.209543 0.263309 0.891787 0.141795 0.25822 89 135
P 229 0 0.886548 0.715688 0.876993 0.856311 0.642965 0.860327 80 59
P 230 0 0.643231 0.830499 0.933377 0.607276 0.849683 1.00124 182 38
P 231 0 0.233105 0.101518 0.0898764 0.242434 0.0422771 0.129434 28 61
P 232 0 0.55515 0.992149 0.793158 0.539739 0.929252 0.835709 195 78
P 233 0 0.903694 0.106351 0.396075 0.934558 0.0822243 0.323841 173 175
P 234 0 0.315235 0.0577378 0.133793 0.288023 0.0900787 0.0645719 61 11
P 235 0 0.351925 0.879667 0.941533 0.349604 0.815365 0.891565 52 17
P 236 0 0.0390667 0.136432 0.403148 0.0246611 0.124334 0.32684 126 99
P 237 0 0.228477 0.039313 0.128598 0.239919 -0.00382325 0.0584205 61 14
P 238 0 0.548288 0.917462 0.838285 0.555881 0.908891 0.914314 78 93
P 239 0 0.877447 0.94254 0.275828 0.90736 0.875715 0.239538 181 125
P 240 0 0.831596 0.753041 0.846666 0.810398 0.70629 0.785515 120 59
P 241 0 0.714537 0.678545 0.860583 0.665966 0.616263 0.860209 32 137
P 242 0 0.0456057 0.164481 0.209357 0.080397 0.160494 0.279755 154 115
P 243 0 0.0793294 0.214996 0.332657 0.121608 0.15008 0.354669 122 191
P 244 0 0.494574 0.876204 0.888485 0.487031 0.957503 0.882485 33 152
P 245 0 0.9301 0.877788 0.298667 0.872896 0.933745 0.278961 197 181
P 246 0 0.442692 0.0632825 0.91296 0.476829 -0.00584271 0.885613 86 176
P 247 0 0.381412 0.137797 0.176883 0.309898 0.143398 0.201249 63 104
P 248 0 0.838755 0.773627 0.845021 0.807866 0.739002 0.90943 120 41
P 249 0 0.544471 0.875599 0.729876 0.594213 0.845078 0.78519 60 96
P 250 0 0.406236 0.121261 0.219346 0.364844 0.0589169 0.194252 107 68
P 251 0 0.174266 0.154959 0.0967391 0.226759 0.209789 0.0874032 186 66
P 252 0 0.772935 0.251215 0.322462 0.814516 0.193363 0.283581 192 83
P 253 0 0.686329 0.793265 0.943882 0.638435 0.812173 1.00834 182 91
P 254 0 0.822039 0.148838 0.2305 0.888538 0.165784 0.266675 113 135
P 255 0 0.848754 0.887096 0.295577 0.929659 0.879916 0.299451 181 197
P 256 0 0.876807 0.768741 0.294622 0.809234 0.813754 0.291996 25 103
P 257 0 0.411292 0.949815 0.861406 0.441905 0.875313 0.884097 33 140
P 258 0 0.912429 0.278618 0.207187 0.915062 0.224209 0.154139 154 89
P 259 0 0.162815 0.288084 0.197898 0.158664 0.269222 0.120225 186 169
P 260 0 0.901236 0.156301 0.101196 0.823137 0.154987 0.0795542 50 20
P 261 0 0.703528 0.699759 0.0915186 0.70376 0.680159 0.0150502 18 105
P 262 0 0.226403 0.0388725 0.128474 0.255876 0.108362 0.103495 61 28
P 263 0 0.501626 0.62879 0.848079 0.532131 0.589891 0.789932 87 179
P 264 0 0.848449 0.65381 0.847515 0.852228 0.643154 0.92493 59 161
P 265 0 0.608103 0.770078 0.746076 0.580061 0.69599 0.73613 142 199
P 266 0 0.103966 0.253 0.449192 0.136904 0.247391 0.382388 35 122
P 267 0 0.919734 0.957922 0.373237 0.85964 0.912935 0.403588 136 49
P 268 0 0.540786 0.721184 0.784488 0.500339 0.705379 0.718037 179 100
P 269 0 0.625404 0.625057 0.694642 0.565278 0.667617 0.657472 15 199
P 270 0 0.949438 0.183199 0.0981665 0.915186 0.224031 0.155465 172 89
P 271 0 0.657852 0.817867 0.936941 0.591145 0.84076 0.971502 182 26
P 272 0 0.423992 0.938589 0.865535 0.475656 0.99375 0.87819 33 176
P 273 0 0.808592 0.257978 0.305176 0.869481 0.306497 0.316269 83 135
P 274 0 0.291204 0.113457 0.0907121 0.213446 0.0956094 0.0781193 177 28
P 275 0 0.660222 0.877061 0.931983 0.729732 0.856488 0.965201 26 41
P 276 0 0.915312 0.0157078 0.249766 0.841972 0.017484 0.229535 181 147
P 277 0 0.337637 0.0624952 0.135134 0.326763 -0.0196588 0.130277 61 184
P 278 0 0.152874 0.0120682 0.122109 0.0840899 -0.00768732 0.0928121 153 36
P 279 0 0.935485 0.952149 0.303377 0.920269 1.02624 0.282104 53 150
P 280 0 0.0514867 0.19933 0.308607 0.00507272 0.146999 0.339031 122 158
P 281 0 0.999166 0.799157 0.0852174 0.999166 0.799157 0.0852174 -1 156
P 282 0 0.537109 0.932879 0.834917 0.548034 0.982461 0.89658 78 22
P 283 0 0.926648 1.01052 0.278996 0.95138 0.978157 0.344498 150 111
P 284 0 0.19792 0.173116 0.118509 0.277205 0.172744 0.134552 84 70
P 285 0 0.946003 0.0245358 0.397953 0.934127 0.00279574 0.322188 49 53
P 286 0 0.8853 0.062 0.184026 0.962445 0.044794 0.205594 113 143
P 287 0 0.909959 0.231548 0.0995104 0.909914 0.149283 0.113177 89 50
P 288 0 0.766593 0.613011 0.838304 0.807263 0.683074 0.852255 16 120
P 289 0 0.000244689 0.0256049 0.213995 0.0264002 0.0920232 0.248396 143 72
P 290 0 0.762714 0.772057 0.707819 0.742548 0.707886 0.754405 59 98
P 291 0 0.632117 0.801849 0.863543 0.679979 0.862933 0.866749 78 171
P 292 0 0.197566 0.131856 0.441096 0.133707 0.116885 0.397388 166 126
P 293 0 0.268563 0.168747 0.148349 0.308852 0.171159 0.214155 70 104
P 294 0 0.808655 0.781489 0.344933 0.891237 0.797823 0.349862 103 163
P 295 0 0.786053 0.663021 0.793833 0.761006 0.606131 0.842778 98 16
P 296 0 0.37501 0.289194 0.559114 0.324861 0.316989 0.503885 79 94
P 297 0 0.518985 0.321859 0.632787 0.521947 0.388516 0.673703 165 121
P 298 0 0.615344 0.853477 0.957658 0.59351 0.887861 0.889276 26 152
P 299 0 0.85932 0.755242 0.857635 0.80794 0.783967 0.910291 8 194
P 300 0 0.838338 0.772426 0.845117 0.886618 0.714803 0.876157 120 80
P 301 0 0.779883 0.669384 0.788241 0.78658 0.623602 0.857006 98 120
P 302 0 0.931859 0.0874071 0.353613 0.993976 0.120906 0.322398 53 99
P 303 0 0.649846 0.686622 0.695581 0.569257 0.675253 0.678642 112 199
P 304 0 0.407362 0.866726 0.90066 0.482535 0.890966 0.924475 101 7
P 305 0 0.766425 0.618792 0.910763 0.772154 0.619859 0.833849 119 16
P 306 0 0.658505 0.831559 0.99369 0.579383 0.834579 0.978231 38 26
P 307 0 0.43267 0.897488 0.887835 0.500616 0.874493 0.925839 140 7
P 308 0 0.463696 0.616802 0.851083 0.463897 0.697163 0.826321 87 51
P 309 0 0.887481 0.703987 0.865933 0.864221 0.632057 0.873214 80 59
P 310 0 0.419425 0.874311 0.787073 0.370991 0.904632 0.73136 88 157
P 311 0 0.0774312 0.920281 0.0620551 0.13892 0.966291 0.0858207 36 153
P 312 0 0.693806 0.81907 0.988486 0.703765 0.895534 0.983736 38 41
P 313 0 0.652223 0.753528 0.716943 0.581674 0.746242 0.751757 167 142
P 314 0 0.883034 0.809742 0.915164 0.826499 0.753805 0.909825 8 196
P 315 0 0.297691 0.371191 0.141734 0.268184 0.323163 0.0893436 44 84
P 316 0 0.309635 0.150379 0.204495 0.30899 0.226833 0.173576 104 63
P 317 0 0.854325 0.104519 0.206781 0.795851 0.113063 0.262746 113 132
P 318 0 0.51094 0.737353 0.825609 0.508213 0.679993 0.767546 164 142
P 319 0 0.465058 0.641075 0.776821 0.533153 0.605407 0.789289 142 179
P 320 0 0.419943 0.149862 0.147954 0.353871 0.171655 0.175625 74 63
P 321 0 0.0338073 0.151088 0.352356 0.0934777 0.178637 0.312236 158 115
P 322 0 0.57503 0.686333 0.709359 0.629563 0.625159 0.692788 199 15
P 323 0 0.169394 0.211593 0.139774 0.128934 0.273689 0.166785 186 3
P 324 0 0.414784 0.923962 0.803844 0.343456 0.917287 0.83048 157 88
P 325 0 0.315537 0.0920099 0.242255 0.366074 0.0502722 0.287707 12 178
P 326 0 0.546597 0.872391 0.731313 0.551345 0.907358 0.656701 60 114
P 327 0 0.649704 0.777596 0.868841 0.660518 0.815564 0.937591 78 182
P 328 0 0.276883 0.100055 0.162455 0.263456 0.122378 0.0825607 74 177
P 329 0 0.142856 0.227023 0.306446 0.180123 0.185367 0.253943 82 141
P 330 0 0.818054 0.768806 0.928226 0.760636 0.729068 0.961995 196 182
P 331 0 0.939939 0.992409 0.355668 0.931379 0.998862 0.276691 111 150
P 332 0 0.931328 0.871858 0.296483 0.872333 0.81904 0.322513 197 163
P 333 0 0.650423 0.754826 0.715606 0.63046 0.743922 0.795105 167 96
P 334 0 0.103624 0.291019 0.456321 0.0932285 0.233018 0.404567 35 76
P 335 0 0.216645 0.213103 0.110736 0.264749 0.166983 0.154438 84 70
P 336 0 0.155408 0.175124 0.303602 0.192867 0.191211 0.369013 12 129
P 337 0 0.97056 0.0562696 0.396351 0.895749 0.047457 0.398811 49 111
P 338 0 0.999755 0.0762797 0.2785 0.934645 0.0530648 0.236459 97 181
P 339 0 0.885633 0.7878 0.277242 0.939791 0.850068 0.267477 25 125
P 340 0 0.256726 0.110832 0.317198 0.193302 0.133936 0.268506 107 70
P 341 0 0.932729 0.0549766 0.341568 0.927491 0.00844332 0.278586 53 150
P 342 0 0.0286566 0.077902 0.231432 0.00122073 0.12587 0.287862 72 97
P 343 0 0.850415 0.890305 0.294434 0.809383 0.822083 0.278331 181 103
P 344 0 0.234437 0.0391203 0.0892984 0.306925 0.0370222 0.0598672 14 131
P 345 0 0.314545 0.0200884 0.143924 0.358369 0.0613471 0.195831 104 68
P 346 0 0.0955673 0.111001 0.161763 0.0961977 0.187846 0.170239 169 141
P 347 0 0.732079 0.755619 0.798444 0.784879 0.741486 0.743935 32 59
P 348 0 0.175657 0.125774 0.296676 0.249764 0.126149 0.267453 70 12
P 349 0 0.759495 0.774392 0.89689 0.831287 0.745299 0.899391 190 196
P 350 0 0.443505 0.860689 0.773315 0.383054 0.909956 0.751325 88 157
P 351 0 0.496936 0.947334 0.697751 0.550819 0.907741 0.656514 60 114
P 352 0 0.884457 0.741894 0.901766 0.849235 0.732065 0.83317 80 8
P 353 0 0.396022 0.91568 0.77279 0.327264 0.893883 0.803008 157 54
P 354 0 0.809141 0.808553 0.300528 0.801753 0.889865 0.283539 103 174
P 355 0 0.101382 0.125581 0.157935 0.126324 0.0532076 0.142711 169 116
P 356 0 0.642685 0.787276 0.866727 0.664599 0.812039 0.938585 78 182
P 357 0 0.818357 0.768268 0.927567 0.784253 0.734498 0.864836 196 194
P 358 0 0.236262 0.153807 0.199918 0.310306 0.132574 0.196217 70 104
P 359 0 0.542165 0.742092 0.783621 0.472951 0.693429 0.821287 179 51
P 360 0 0.144042 0.114751 0.396759 0.162788 0.103618 0.473681 126 166
P 361 0 0.113693 0.0514754 0.406434 0.102733 0.102552 0.469929 55 23
P 362 0 0.555798 0.993325 0.792823 0.537242 0.931211 0.742208 195 77
P 363 0 0.80063 0.768699 0.896262 0.826649 0.781417 0.967962 194 161
P 364 0 0.837996 0.668226 0.830484 0.854413 0.743964 0.84573 59 8
P 365 0 0.890657 0.664184 0.828308 0.847871 0.72893 0.82986 80 8
P 366 0 0.15422 0.258077 0.123151 0.168215 0.323807 0.0749103 169 180
P 367 0 0.238731 0.0054846 0.0651131 0.238155 0.0413682 0.129178 14 61
P 368 0 0.945999 0.286932 0.267179 0.926523 0.207727 0.276824 189 89
P 369 0 0.099229 0.813116 0.447943 0.099229 0.813116 0.447943 -1 19
P 370 0 0.507217 0.711042 0.824524 0.476833 0.651694 0.77429 164 142
P 371 0 0.580033 0.695935 0.73598 0.51037 0.681938 0.767082 199 142
P 372 0 0.236256 0.0248696 0.0790517 0.184169 0.0868097 0.0606098 14 28
P 373 0 0.32348 0.116278 0.157732 0.308894 0.170056 0.213642 74 104
P 374 0 0.640591 0.705175 0.678849 0.664129 0.626011 0.677385 112 15
P 375 0 0.630421 0.744031 0.795094 0.586805 0.672626 0.779771 96 137
P 376 0 0.528755 0.930214 0.885146 0.559979 1.00527 0.882233 152 22
P 377 0 0.178139 0.084997 0.0570031 0.233723 0.0447126 0.0933196 28 14
P 378 0 0.812872 0.211294 0.289574 0.834971 0.255601 0.352403 83 65
P 379 0 0.572313 0.737801 0.753769 0.490566 0.734369 0.765029 142 100
P 380 0 0.540557 0.335831 0.606505 0.486459 0.396464 0.632211 165 121
P 381 0 0.089573 0.211802 0.238432 0.0935163 0.178691 0.312332 82 115
P 382 0 0.621174 0.787405 0.646076 0.621734 0.85597 0.681728 118 114
P 383 0 0.924484 0.904908 0.308657 0.962736 0.964011 0.333412 197 111
P 384 0 0.600338 0.867557 0.922921 0.643028 0.900597 0.869855 182 171
P 385 0 0.855724 0.185301 0.31355 0.930963 0.201342 0.324351 150 89
P 386 0 0.812208 0.636049 0.817536 0.866723 0.628606 0.877291 98 59
P 387 0 0.615121 0.854785 0.926525 0.649926 0.834594 0.994955 182 38
P 388 0 0.864845 0.79984 0.371888 0.865486 0.744295 0.316914 109 25
P 389 0 0.931432 0.103356 0.359537 0.880947 0.128197 0.410701 53 173
P 390 0 0.536997 0.812304 1.00248 0.564618 0.816179 0.930667 26 7
P 391 0 0.793652 0.13924 0.335287 0.864115 0.164623 0.309462 192 150
P 392 0 0.191386 0.188127 0.371384 0.155394 0.175131 0.303607 129 12
P 393 0 0.359167 0.899412 0.711789 0.407703 0.864681 0.756942 157 54
P 394 0 0.613254 0.847569 1.00036 0.640717 0.832671 0.932764 38 182
P 395 0 0.0906276 0.0630347 0.12301 0.157879 0.0284895 0.135126 36 153
P 396 0 0.088753 0.0427557 0.114351 0.161617 0.0407501 0.144846 36 153
P 397 0 0.579139 0.694219 0.731223 0.644032 0.698278 0.685069 199 112
P 398 0 0.61236 0.851909 0.959365 0.598488 0.884605 0.889594 26 152
P 399 0 0.921492 0.91936 0.313981 0.94735 0.983178 0.348433 197 111
