400 
 9.200000
P 0 0 0.896298 0.30591 0.943726 0.912889 0.22952 0.941002 92 53
P 1 0 0.168029 0.678803 0.157856 0.176229 0.605457 0.176155 105 99
P 2 0 0.860666 0.301148 0.998088 0.902491 0.339493 0.947713 183 83
P 3 0 0.921822 0.435539 0.952382 0.906533 0.472554 0.876019 54 179
P 4 0 0.819107 0.474341 0.944382 0.836991 0.42059 0.992868 33 176
P 5 0 0.769444 0.378423 0.910993 0.822719 0.321339 0.915829 22 114
P 6 0 0.785547 0.417061 -0.0218025 0.797244 0.363644 0.034738 41 150
P 7 0 0.964549 0.439511 0.886965 0.904906 0.488208 0.87634 187 179
P 8 0 0.95097 0.356388 0.0341072 0.871156 0.355051 0.0479926 137 13
P 9 0 0.876011 0.363644 0.933216 0.940415 0.337296 0.967591 60 183
P 10 0 0.680482 0.413221 0.26651 0.739485 0.451836 0.232364 195 97
P 11 0 0.924084 0.382607 0.909496 0.863056 0.349803 0.886407 60 118
P 12 0 0.689926 0.351738 0.119752 0.713295 0.409932 0.0773439 195 68
P 13 0 0.917011 0.391275 0.957521 0.854598 0.429043 0.990567 167 176
P 14 0 0.92422 0.33364 0.907465 0.900778 0.31933 0.982749 114 183
P 15 0 0.197448 0.936146 0.883919 0.223536 0.863197 0.879997 145 59
P 16 0 0.890795 0.375905 0.102185 0.842578 0.345523 0.052009 180 13
P 17 0 0.799739 0.36238 0.978793 0.772483 0.382865 0.907901 167 22
P 18 0 0.703985 0.487764 0.0460645 0.736543 0.417097 0.0408904 41 6
P 19 0 0.921127 0.427286 0.960629 0.995483 0.434466 0.958076 54 120
P 20 0 0.179241 0.715519 0.274772 0.23816 0.686388 0.22678 151 105
P 21 0 0.926045 0.350138 0.933576 0.978456 0.406415 0.946375 83 167
P 22 0 0.902075 0.433607 0.854301 0.924489 0.467197 0.920748 78 54
P 23 0 0.917141 0.326746 0.976492 0.93194 0.248915 0.962326 183 53
P 24 0 0.822913 0.385523 0.0841676 0.81606 0.46296 0.100604 173 84
P 25 0 0.827166 0.344377 0.957316 0.801346 0.29378 1.00842 60 83
P 26 0 0.814576 0.430414 0.959402 0.785452 0.401822 0.894705 96 22
P 27 0 0.796219 0.491892 0.0843251 0.823152 0.418602 0.0711089 6 84
P 28 0 0.978512 0.36912 1.01677 0.985841 0.431306 0.970376 137 120
P 29 0 0.783954 0.422219 0.0620393 0.791492 0.502 0.0557686 175 25
P 30 0 0.836868 0.420531 -0.00711545 0.853826 0.441205 0.0695673 176 189
P 31 0 0.776677 0.476317 0.00127349 0.789208 0.483105 0.0792225 33 6
P 32 0 0.879091 0.407983 0.903768 0.833639 0.473665 0.924896 142 33
P 33 0 0.831096 0.368916 0.0380708 0.766476 0.356258 0.0819016 84 68
P 34 0 0.393165 0.770184 0.582964 0.360148 0.813801 0.640983 88 147
P 35 0 0.888573 0.375202 0.104627 0.812198 0.391529 0.0932001 180 173
P 36 0 0.77783 0.408099 0.0745775 0.788 0.481591 0.078343 175 6
P 37 0 0.820056 0.474297 0.943109 0.882805 0.442585 0.986879 33 176
P 38 0 0.443577 0.890498 0.628728 0.388835 0.909575 0.679732 174 23
P 39 0 0.880198 0.403065 0.902124 0.903579 0.339984 0.94706 142 83
P 40 0 0.920195 0.416228 0.971678 0.972986 0.473571 0.933861 54 25
P 41 0 0.782976 0.476024 0.992828 0.838432 0.421282 0.99268 33 176
P 42 0 0.882801 0.391508 0.898262 0.921696 0.434047 0.953873 142 54
P 43 0 0.801218 0.77894 -0.0128925 0.837836 0.836302 0.0314975 116 36
P 44 0 0.79649 0.492031 0.0150973 0.757419 0.443262 0.0560846 157 6
P 45 0 0.722667 0.851324 0.601731 0.722667 0.851324 0.601731 119 -1
P 46 0 0.874263 0.429422 0.910932 0.909654 0.362902 0.881874 142 118
P 47 0 0.84182 0.343833 0.888472 0.913957 0.332396 0.908311 118 114
P 48 0 0.251835 0.687867 0.24022 0.175278 0.712649 0.272381 105 151
P 49 0 0.916053 0.370021 0.0416825 0.959634 0.422718 0.00381205 13 120
P 50 0 0.194904 0.632548 0.207183 0.246703 0.687312 0.235177 99 105
P 51 0 0.826511 0.397597 0.057142 0.785647 0.336909 0.0835446 84 68
P 52 0 0.784236 0.338333 0.0834237 0.827103 0.39389 0.0546767 68 84
P 53 0 0.786672 0.405836 0.114716 0.750317 0.434361 0.0509157 173 6
P 54 0 0.946269 0.373195 0.878313 0.931614 0.43521 0.838361 118 78
P 55 0 0.889841 0.3691 0.926392 0.896949 0.317594 0.984213 60 183
P 56 0 0.874039 0.362867 0.934188 0.81076 0.31989 0.916815 60 114
P 57 0 0.964997 0.424476 0.996969 0.892984 0.447472 0.985549 120 176
P 58 0 0.941256 0.371786 0.8788 1.00698 0.34367 0.900645 118 114
P 59 0 0.769587 0.38909 0.0914576 0.817942 0.451186 0.0927754 175 84
P 60 0 0.940021 0.396945 0.953347 0.924822 0.367166 0.880399 167 118
P 61 0 0.879832 0.365152 0.93133 0.887753 0.443185 0.93881 60 164
P 62 0 0.74383 0.453224 0.0129097 0.786977 0.502707 0.058801 41 25
P 63 0 0.840862 0.372513 -0.0286668 0.816758 0.327147 0.0287912 167 150
P 64 0 0.829898 0.37641 0.0430539 0.843568 0.373179 -0.0291575 84 167
P 65 0 0.821116 0.321144 0.915961 0.878602 0.364666 0.931937 114 60
P 66 0 0.82259 0.316239 1.02701 0.836698 0.371486 0.972089 150 167
P 67 0 0.888732 0.418179 0.940155 0.861283 0.487067 0.930196 164 142
P 68 0 0.916854 0.376565 0.0113118 0.880392 0.310089 -0.00945505 54 183
P 69 0 0.86142 0.899023 0.195964 0.867161 0.845287 0.268052 131 158
P 70 0 0.851186 0.427405 0.991013 0.782912 0.476027 0.992914 176 33
P 71 0 0.81194 0.416111 0.938042 0.855306 0.355477 0.943432 96 60
P 72 0 0.942894 0.397653 0.952826 0.887523 0.449054 0.938494 167 164
P 73 0 0.794703 0.361139 0.979706 0.837579 0.420872 0.992792 167 176
P 74 0 0.923077 0.450435 0.937497 0.99609 0.434665 0.957301 54 120
P 75 0 0.889111 0.408482 0.940677 0.896221 0.336659 0.951476 164 83
P 76 0 0.917409 0.383161 1.00472 0.889058 0.409855 0.940603 54 164
P 77 0 0.940458 0.423975 0.901297 1.00305 0.436947 0.948416 187 120
P 78 0 -0.0176031 0.853132 0.113066 0.057012 0.877248 0.113714 126 136
P 79 0 0.687508 0.367478 0.157323 0.614439 0.376246 0.189718 195 56
P 80 0 0.758609 0.444754 0.0569512 0.814529 0.47253 0.106968 6 84
P 81 0 0.857389 0.423342 0.028887 0.834939 0.495194 0.0265854 189 25
P 82 0 0.923442 0.454767 0.933168 0.856743 0.472589 0.893916 54 33
P 83 0 0.858655 0.416999 0.0144416 0.870103 0.489686 0.00296604 189 25
P 84 0 0.797663 0.399675 0.105451 0.767936 0.389086 0.172702 173 97
P 85 0 0.880454 0.401929 0.901744 0.807003 0.38931 0.898022 142 96
P 86 0 0.878972 0.408509 0.903943 0.812096 0.416956 0.939306 142 96
P 87 0 0.767329 0.375331 0.913145 0.794661 0.331556 0.973355 22 60
P 88 0 0.873256 0.380494 0.965457 0.853882 0.325115 0.913261 167 114
P 89 0 0.800743 0.3571 0.0336717 0.739212 0.383774 0.0795651 150 68
P 90 0 0.768225 0.387576 1.00186 0.813528 0.424726 0.950907 176 96
P 91 0 0.82801 0.32198 0.915393 0.75362 0.355292 0.927093 114 22
P 92 0 0.76079 0.361997 0.0814143 0.828348 0.386105 0.0495005 68 84
P 93 0 0.709002 0.483415 0.0418899 0.706692 0.416596 0.0767781 41 68
P 94 0 0.73962 0.846413 0.598391 0.662709 0.835321 0.624477 119 141
P 95 0 0.94633 0.3985 0.952202 0.951353 0.374625 0.877818 167 118
P 96 0 0.821512 0.428858 0.0779285 0.771628 0.414268 0.127397 84 173
P 97 0 0.866744 0.431689 0.873365 0.887345 0.453582 0.93825 78 164
P 98 0 0.0174827 0.521468 0.174285 0.0402 0.497466 0.242623 93 87
P 99 0 0.953847 0.720974 0.887046 0.906284 0.661787 0.863167 111 177
P 100 0 0.918639 0.397753 0.99014 0.887659 0.445583 0.938681 54 164
P 101 0 0.83705 0.34368 0.052786 0.884606 0.373947 0.108988 13 180
P 102 0 0.748074 0.278038 0.848496 0.793232 0.314559 0.786395 108 96
P 103 0 0.887941 0.438379 0.939068 0.826593 0.42951 0.895031 164 78
P 104 0 0.880974 0.39962 0.900973 0.826729 0.339591 0.88994 142 118
P 105 0 0.856952 0.430173 0.990259 0.866689 0.46306 0.922173 176 142
P 106 0 0.885128 0.35971 0.0460289 0.907087 0.322189 -0.0196636 13 183
P 107 0 1.00298 0.436921 0.948516 0.953605 0.432454 0.893475 120 187
P 108 0 0.751443 0.425463 0.207289 0.683593 0.392969 0.218168 97 195
P 109 0 0.817395 0.445719 0.982257 0.827353 0.369184 0.973784 96 167
P 110 0 0.76378 0.319374 0.988592 0.843044 0.312625 0.983392 60 83
P 111 0 0.919592 0.409069 0.978832 0.899271 0.485117 0.983374 54 25
P 112 0 0.820742 0.412789 0.994993 0.823761 0.343034 0.958996 176 60
P 113 0 0.904721 0.340501 0.946374 0.956515 0.401009 0.950355 83 167
P 114 0 0.75146 0.344777 0.289531 0.820117 0.302035 0.295535 143 28
P 115 0 0.412658 0.547251 0.953765 0.468348 0.492997 0.97263 71 186
P 116 0 0.779088 0.410086 0.121109 0.711206 0.41204 0.0771649 173 68
P 117 0 0.855363 0.42941 0.990467 0.810884 0.410374 0.929476 176 96
P 118 0 0.813762 0.320253 0.916567 0.827483 0.305593 0.992731 114 83
P 119 0 0.869692 0.43629 0.988593 0.885934 0.489612 0.936312 176 164
P 120 0 0.79546 0.40091 0.107309 0.845963 0.361716 0.151472 173 180
P 121 0 0.909974 0.799645 0.91572 0.895629 0.72093 0.923256 116 111
P 122 0 0.835082 0.429971 0.89045 0.889208 0.406009 0.94081 78 164
P 123 0 0.893134 0.358259 0.883481 0.882376 0.432538 0.86493 118 78
P 124 0 0.946138 0.427639 0.897917 0.998731 0.43553 0.953932 187 120
P 125 0 0.936924 0.335179 0.906418 0.932912 0.395193 0.954636 114 167
P 126 0 0.903431 0.320532 -0.0182652 0.910036 0.368015 0.0425282 183 13
P 127 0 0.864521 0.472689 0.925391 0.86005 0.431661 0.989854 142 176
P 128 0 0.907885 0.34193 0.944476 0.880781 0.400475 0.901258 83 142
P 129 0 0.834347 0.370907 0.972515 0.773625 0.323258 0.983734 167 60
P 130 0 0.857784 0.421364 1.02438 0.920276 0.417186 0.970722 189 54
P 131 0 0.703865 0.85677 0.605436 0.703865 0.85677 0.605436 -1 119
P 132 0 0.00452328 0.936924 0.117515 0.0551686 0.876889 0.114245 43 136
P 133 0 0.902242 0.433616 0.85421 0.820985 0.443168 0.843675 78 182
P 134 0 0.918649 0.365431 0.880999 0.860381 0.325903 0.912726 118 114
P 135 0 0.807498 0.344467 0.0316132 0.885559 0.359854 0.0459683 150 13
P 136 0 0.806338 0.346636 1.03197 0.829988 0.34549 0.955924 150 60
P 137 0 0.810866 0.337947 0.965359 0.87047 0.379808 0.965963 60 167
P 138 0 0.873106 0.306787 0.993331 0.854222 0.375804 0.96891 183 167
P 139 0 0.765682 0.372924 0.91482 0.807153 0.336483 0.967191 22 60
P 140 0 0.825752 0.343819 0.958014 0.812879 0.421206 0.945651 60 96
P 141 0 0.158902 0.700791 0.262502 0.194339 0.681649 0.183713 151 105
P 142 0 0.911071 0.377474 0.915917 0.980855 0.407006 0.94594 60 167
P 143 0 0.853398 0.472745 0.898402 0.923947 0.460754 0.927186 33 54
P 144 0 0.793323 0.488263 0.0822175 0.778558 0.409776 0.0730883 6 175
P 145 0 0.120708 0.701933 0.758207 0.120708 0.701933 0.758207 -1 166
P 146 0 0.950406 0.356127 0.0344624 0.919349 0.406188 -0.0182885 137 54
P 147 0 0.684038 0.390068 0.211245 0.756477 0.414359 0.196731 195 97
P 148 0 0.814548 0.430264 0.959177 0.794219 0.36102 0.979794 96 167
P 149 0 0.795698 0.427834 0.911702 0.878016 0.412755 0.905362 78 142
P 150 0 0.636785 0.156808 0.807033 0.572044 0.162366 0.864539 62 9
P 151 0 0.888495 0.424237 0.939829 0.925768 0.480967 0.965576 164 25
P 152 0 0.736729 0.259642 0.330347 0.760824 0.301718 0.265461 94 143
P 153 0 0.824946 0.407383 0.0636489 0.891791 0.376221 0.101089 84 180
P 154 0 0.809528 0.403018 0.918491 0.875259 0.363348 0.933586 96 60
P 155 0 0.834841 0.419558 0.99315 0.784766 0.47594 0.990427 176 33
P 156 0 0.899563 0.330651 0.909497 0.880167 0.403203 0.90217 114 142
P 157 0 0.7714 0.381283 0.909002 0.7747 0.35621 0.983334 22 167
P 158 0 0.83519 0.34306 0.0530473 0.911813 0.338285 0.0587489 13 137
P 159 0 0.824721 0.414699 0.994472 0.844213 0.351101 0.948905 176 60
P 160 0 0.687466 0.367753 0.15798 0.733999 0.435358 0.159115 195 173
P 161 0 0.843067 0.323805 0.914152 0.819485 0.367245 0.975211 114 167
P 162 0 0.857908 0.319343 -0.0255295 0.872355 0.355451 0.047824 83 13
P 163 0 0.902734 0.452153 0.984274 0.87012 0.447825 0.917082 176 142
P 164 0 0.793484 0.332741 0.119131 0.777649 0.410893 0.122322 97 173
P 165 0 0.921704 0.381668 0.91067 0.935754 0.335183 0.969374 60 183
P 166 0 0.804259 0.404875 0.997147 0.793292 0.331016 0.97403 176 60
P 167 0 0.86615 0.350673 0.886106 0.885992 0.30121 0.94577 118 92
P 168 0 0.725592 0.44007 0.166202 0.773967 0.375786 0.160057 173 97
P 169 0 0.796796 0.497358 0.0144937 0.758169 0.444202 0.0566306 157 6
P 170 0 0.47909 0.626067 0.59818 0.47909 0.626067 0.59818 -1 50
P 171 0 0.993265 0.433739 0.960906 0.98765 0.358706 0.949529 120 183
P 172 0 0.605866 0.718715 0.242797 0.678169 0.679106 0.23216 3 38
P 173 0 0.822779 0.321346 0.915824 0.748768 0.3482 0.93203 114 22
P 174 0 0.271045 0.903907 0.92512 0.224253 0.86213 0.877439 145 59
P 175 0 0.876454 0.419693 0.907681 0.857481 0.356335 0.942359 142 60
P 176 0 0.795163 0.468923 0.0177157 0.780008 0.41312 0.0701188 157 175
P 177 0 0.770268 0.459366 0.0654368 0.81181 0.391747 0.0935271 6 173
P 178 0 0.962554 0.347331 0.959125 0.919583 0.408957 0.978944 183 54
P 179 0 0.946907 0.428134 0.89746 0.896232 0.371621 0.923238 187 60
P 180 0 0.813726 0.477553 0.110308 0.801201 0.397692 0.102469 84 173
P 181 0 0.923389 0.454139 0.933796 0.953101 0.394053 0.895178 54 60
P 182 0 0.923957 0.392987 0.956261 0.943941 0.47812 0.95337 167 25
P 183 0 0.859227 0.325763 0.912821 0.915382 0.379175 0.913789 114 60
P 184 0 0.920443 0.328243 0.975229 0.918438 0.38038 0.912281 183 60
P 185 0 0.820119 0.320861 1.02777 0.829957 0.345478 0.955939 150 60
P 186 0 0.0576689 0.390444 0.922753 -0.00456162 0.387018 0.87353 183 118
P 187 0 0.941891 0.778679 0.965296 0.891993 0.720927 0.925518 198 111
P 188 0 0.462223 0.810687 0.555734 0.385774 0.819273 0.56588 14 147
P 189 0 0.36676 0.23981 0.3616 0.325044 0.298232 0.412255 19 52
P 190 0 0.858081 0.419877 1.02099 0.919849 0.412123 0.975781 189 54
P 191 0 0.898725 0.38677 0.960838 0.903672 0.331149 0.909158 167 114
P 192 0 0.9711 0.380176 0.875897 0.917735 0.332854 0.908 118 114
P 193 0 1.01545 0.44101 0.932599 0.943211 0.425751 0.899659 120 187
P 194 0 0.958004 0.435291 0.890858 0.993675 0.433874 0.960382 187 120
P 195 0 0.94165 0.335752 0.906029 0.991169 0.385818 0.873945 114 118
P 196 0 0.824539 0.409929 0.0653418 0.779175 0.47053 0.07192 84 6
P 197 0 0.88868 0.419499 0.940084 0.905759 0.34097 0.945752 164 83
P 198 0 0.569189 0.0557929 0.268577 0.580195 0.123338 0.308134 89 55
P 199 0 0.797599 0.361853 0.979181 0.771166 0.38094 0.90924 167 22
P 200 0 0.778422 0.527556 0.780346 0.796852 0.506776 0.698989 196 65
P 201 0 0.72981 0.437706 0.162646 0.737061 0.457181 0.237446 173 97
P 202 0 0.867128 0.461109 0.921521 0.79497 0.427794 0.912095 142 78
P 203 0 0.906582 0.47208 0.876009 0.885249 0.507119 0.93537 179 164
P 204 0 0.833998 0.405711 0.841519 0.871031 0.471924 0.874759 182 33
P 205 0 0.997001 0.434963 0.956139 0.965759 0.440292 0.886245 120 187
P 206 0 0.829456 0.333094 0.257384 0.764882 0.283056 0.255029 28 143
P 207 0 0.677991 0.445564 0.0743183 0.743754 0.47785 0.045418 68 33
P 208 0 0.836922 0.371542 0.972048 0.763958 0.385527 1.00242 167 176
P 209 0 0.877918 0.357306 0.0470421 0.856093 0.429843 0.0436913 13 189
P 210 0 0.852153 0.375295 0.969285 0.794774 0.3316 0.973299 167 60
P 211 0 0.885614 0.367433 0.928477 0.856835 0.318858 0.975115 60 83
P 212 0 0.89237 0.334919 0.953787 0.882433 0.39314 0.898807 83 142
P 213 0 0.81778 0.32074 0.916236 0.749832 0.349755 0.930948 114 22
P 214 0 0.87745 0.415268 0.906202 0.835568 0.473575 0.922309 142 33
P 215 0 0.841768 0.372736 -0.028831 0.80735 0.344744 0.0316584 167 150
P 216 0 0.822964 0.321368 0.915809 0.889863 0.369108 0.926381 114 60
P 217 0 0.9005 0.433522 0.855151 0.903057 0.506012 0.876705 78 179
P 218 0 0.895092 0.433228 0.858069 0.926687 0.493277 0.894687 78 54
P 219 0 0.829667 0.191651 0.0577457 0.797347 0.118204 0.0519323 146 61
P 220 0 0.955754 0.47627 0.945435 0.932234 0.418672 0.906189 25 187
P 221 0 0.903299 0.720936 0.918486 0.907387 0.799153 0.917418 111 116
P 222 0 0.793543 0.259045 0.964103 0.847341 0.269948 1.01947 92 150
P 223 0 0.845572 0.346521 0.0515883 0.810078 0.297726 0.00317756 13 83
P 224 0 0.938241 0.479013 0.957198 0.973076 0.40509 0.947351 25 167
P 225 0 0.914046 0.364137 0.881447 0.889044 0.4329 0.861332 118 78
P 226 0 0.888936 0.412961 0.940436 0.813549 0.424845 0.951085 164 96
P 227 0 0.885797 0.383584 0.963183 0.85181 0.324864 0.913432 167 114
P 228 0 0.17136 0.709812 0.270017 0.220484 0.684476 0.209408 151 105
P 229 0 0.956135 0.400915 0.950424 0.968668 0.442168 0.884514 167 187
P 230 0 0.906613 0.331506 0.908916 0.889437 0.400181 0.941123 114 164
P 231 0 0.0496218 0.339097 0.97303 0.129599 0.328009 0.961109 12 106
P 232 0 0.834951 0.308968 0.988249 0.806719 0.3194 0.917148 83 114
P 233 0 0.975182 0.353055 0.954297 0.917511 0.384366 1.00352 183 54
P 234 0 0.742262 0.0517581 0.651181 0.71 0.0229078 0.712374 101 42
P 235 0 0.80563 0.474969 0.962451 0.852336 0.427957 0.990862 33 176
P 236 0 0.817211 0.455758 0.0958154 0.753959 0.438926 0.0535666 84 6
P 237 0 0.918982 0.401828 -0.0139325 0.942048 0.352263 0.0397217 54 137
P 238 0 0.905288 0.31001 0.941944 0.903779 0.361251 0.882446 92 118
P 239 0 0.854115 0.355008 0.944019 0.825718 0.304795 0.993791 60 83
P 240 0 0.735619 0.32898 0.945409 0.811256 0.338101 0.965167 22 60
P 241 0 0.717723 0.405462 0.0777234 0.774132 0.412864 0.125286 68 173
P 242 0 0.888758 0.41751 0.940191 0.831851 0.418123 0.99354 164 176
P 243 0 0.774772 0.322916 0.0615388 0.823527 0.385179 0.0836503 13 173
P 244 0 0.821873 0.474213 0.940673 0.855699 0.429572 0.990423 33 176
P 245 0 0.95426 0.436439 0.826142 0.956332 0.376024 0.877334 78 118
P 246 0 0.875154 0.438912 0.987879 0.828521 0.473903 0.931758 176 33
P 247 0 0.780366 0.394388 0.89988 0.835096 0.341943 0.889126 22 118
P 248 0 0.928682 0.435051 0.839944 0.994277 0.458683 0.869279 78 187
P 249 0 0.887319 0.454261 0.938214 0.87933 0.471537 0.863632 164 33
P 250 0 0.800965 0.673957 0.599345 0.800965 0.673957 0.599345 188 -1
P 251 0 0.794749 0.401309 0.107908 0.754633 0.439771 0.0540572 173 6
P 252 0 0.812775 0.474636 0.952871 0.828624 0.416573 0.993962 33 176
P 253 0 0.591655 0.497664 0.371393 0.591655 0.497664 0.371393 10 -1
P 254 0 0.85857 0.248946 1.01605 0.858736 0.319717 0.973974 150 83
P 255 0 0.944965 0.390844 0.899193 0.920811 0.423538 0.964374 60 54
P 256 0 0.821456 0.367731 0.974853 0.809197 0.297328 1.00371 167 83
P 257 0 0.635458 0.157837 0.806867 0.582827 0.170704 0.867099 62 9
P 258 0 0.746949 0.435373 0.216711 0.684227 0.388843 0.20832 97 195
P 259 0 0.888997 0.411395 0.94052 0.902935 0.361014 0.882528 164 118
P 260 0 0.830578 0.372162 0.0402287 0.794701 0.401336 0.107948 84 173
P 261 0 0.364106 0.240202 0.358386 0.319539 0.29866 0.385827 19 132
P 262 0 0.88678 0.468018 0.937474 0.815533 0.435611 0.967162 164 96
P 263 0 0.811165 0.4119 0.931754 0.888336 0.428287 0.939611 96 164
P 264 0 0.918947 0.401417 0.986478 0.97164 0.35145 0.955651 54 183
P 265 0 0.88506 0.355989 0.884266 0.889343 0.402572 0.940995 118 164
P 266 0 0.913823 0.344614 0.940911 0.888775 0.417065 0.940215 83 164
P 267 0 0.820879 0.386433 0.948797 0.750754 0.351103 0.93001 41 22
P 268 0 0.810962 0.410799 0.930111 0.805504 0.335833 0.968005 96 60
P 269 0 0.884462 0.383256 0.963425 0.879172 0.32818 0.911177 167 114
P 270 0 0.77435 0.323544 0.983376 0.807152 0.319452 0.917112 60 114
P 271 0 0.00108467 0.135088 0.731069 0.00108467 0.135088 0.731069 159 -1
P 272 0 0.806383 0.264902 0.961556 0.836739 0.323038 0.914674 92 114
P 273 0 0.869992 0.354663 0.0481562 0.880824 0.310285 -0.00962019 13 183
P 274 0 0.835721 0.378345 0.0733721 0.793935 0.331746 0.118185 173 97
P 275 0 0.825578 0.415111 0.99436 0.824405 0.474095 0.937278 176 33
P 276 0 0.847591 0.425679 0.991483 0.831924 0.473745 0.927195 176 33
P 277 0 0.972437 0.437426 0.816334 0.958964 0.43591 0.890287 78 187
P 278 0 0.858379 0.41838 0.0175871 0.885617 0.487256 -0.00745471 189 25
P 279 0 0.983873 0.40775 0.945392 0.973544 0.445313 0.881613 167 187
P 280 0 0.895034 0.316726 -0.0150544 0.894723 0.362909 0.0446803 183 13
P 281 0 0.886723 0.469475 0.937395 0.885881 0.432728 0.863039 164 78
P 282 0 0.887447 0.450985 0.93839 0.87499 0.432137 0.868916 164 78
P 283 0 0.807354 0.319477 0.917095 0.736372 0.33008 0.944644 114 22
P 284 0 0.81344 0.42425 0.950197 0.888346 0.428034 0.939625 96 164
P 285 0 0.888745 0.417832 0.940174 0.84057 0.430269 0.887489 164 78
P 286 0 0.879745 0.405076 0.902796 0.868914 0.326937 0.912023 142 114
P 287 0 0.917648 0.385997 1.00189 0.881043 0.310384 0.990296 54 183
P 288 0 0.887426 0.451522 0.938361 0.948074 0.428887 0.896766 164 187
P 289 0 0.939128 0.396725 0.953509 0.939227 0.371216 0.878998 167 118
P 290 0 0.590264 0.106322 0.305718 0.548242 0.0939129 0.240823 55 89
P 291 0 0.884953 0.432678 0.86354 0.886893 0.465132 0.937629 78 164
P 292 0 0.944237 0.426412 0.899049 0.961151 0.436813 0.822423 187 78
P 293 0 0.6087 0.396453 0.181956 0.685742 0.378978 0.184774 56 195
P 294 0 0.763597 0.398657 0.181802 0.742083 0.325672 0.147774 97 175
P 295 0 0.825038 0.384333 0.0823771 0.816353 0.461125 0.0993844 173 84
P 296 0 0.937435 0.37715 0.0386773 0.920199 0.416275 -0.0283679 13 54
P 297 0 0.783449 0.418879 0.979943 0.796497 0.492148 1.01508 41 157
P 298 0 0.361381 0.970069 0.754197 0.294841 1.01861 0.768041 11 121
P 299 0 0.883999 0.432626 0.864054 0.934749 0.386814 0.904234 78 60
P 300 0 0.917642 0.34634 0.938619 0.880079 0.403594 0.902301 83 142
P 301 0 0.775176 0.609843 0.645291 0.823295 0.670868 0.655121 65 161
P 302 0 0.853233 0.444181 0.0763443 0.782912 0.419816 0.0641729 189 175
P 303 0 0.927177 0.499099 0.88887 0.944317 0.426464 0.899001 54 187
P 304 0 0.418519 0.957209 0.689662 0.368737 0.96799 0.754712 174 11
P 305 0 0.881911 0.471417 0.860171 0.886507 0.47498 0.937099 33 164
P 306 0 0.902761 0.433644 0.85393 0.867365 0.46006 0.921171 78 142
P 307 0 0.820536 0.341762 0.960588 0.77183 0.389306 1.00139 60 176
P 308 0 0.923018 0.449731 0.9382 0.909243 0.376753 0.916819 54 60
P 309 0 0.907831 0.341906 0.944508 0.938451 0.370998 0.879073 83 118
P 310 0 0.901408 0.451517 0.984447 0.867778 0.379145 0.966451 176 167
P 311 0 0.774788 0.401083 0.0808077 0.831421 0.366885 0.03672 175 84
P 312 0 0.954963 0.476394 0.945966 0.978855 0.406514 0.946303 25 167
P 313 0 0.950589 0.393062 0.896418 0.876576 0.419151 0.9075 60 142
P 314 0 0.153448 0.696842 0.259212 0.236496 0.692881 0.276286 151 99
P 315 0 0.813994 0.474579 0.951237 0.874598 0.438645 0.987952 33 176
P 316 0 0.994642 0.434191 0.959148 0.945313 0.427106 0.898408 120 187
P 317 0 0.938896 0.658634 0.896481 0.978564 0.720993 0.871673 177 111
P 318 0 0.730924 0.410055 0.0368009 0.762649 0.47697 0.0200835 6 33
P 319 0 0.939318 0.478844 0.956475 0.926564 0.415016 0.909562 25 187
P 320 0 0.90788 0.341928 0.944478 0.947593 0.39188 0.897896 83 60
P 321 0 0.679666 0.41853 0.279183 0.731065 0.438563 0.341957 195 143
P 322 0 0.887326 0.454086 0.938223 0.882475 0.471391 0.859414 164 33
P 323 0 0.283739 0.676508 0.872737 0.360692 0.652228 0.851025 1 34
P 324 0 0.826982 0.369093 0.973851 0.76644 0.320424 0.987279 167 60
P 325 0 0.780354 0.413918 0.0694102 0.855191 0.434361 0.0539799 175 189
P 326 0 0.934415 0.386682 0.904398 0.921666 0.43368 0.954239 60 54
P 327 0 0.888079 0.434853 0.939258 0.906809 0.469893 0.875964 164 179
P 328 0 0.914422 0.394288 0.778362 0.969181 0.437249 0.818091 160 78
P 329 0 0.803039 0.352806 0.032972 0.831606 0.418005 -0.00642762 150 176
P 330 0 0.794147 0.401646 0.108415 0.764035 0.39769 0.180883 173 97
P 331 0 0.79992 0.33363 0.97076 0.792509 0.411026 0.972404 60 41
P 332 0 0.854255 0.349416 0.050368 0.857235 0.300519 0.117246 13 115
P 333 0 0.87047 0.446271 0.916562 0.808942 0.474815 0.958011 142 33
P 334 0 0.821201 0.342024 0.96026 0.749443 0.349187 0.931344 60 22
P 335 0 0.74822 0.431732 0.0493893 0.823318 0.417564 0.0704186 6 84
P 336 0 0.902481 0.387695 0.960156 0.897052 0.330347 0.909704 167 114
P 337 0 0.950439 0.374368 0.877907 0.911111 0.343389 0.942539 118 83
P 338 0 0.814411 0.268563 0.959964 0.837798 0.323166 0.914587 92 114
P 339 0 0.943969 0.42624 0.899208 0.993164 0.433706 0.961034 187 120
P 340 0 0.960461 0.338032 0.904479 0.955522 0.400765 0.950535 114 167
P 341 0 0.877731 0.353928 0.884979 0.874955 0.426351 0.909906 118 142
P 342 0 0.8082 0.428512 0.904956 0.862657 0.48097 0.928158 78 142
P 343 0 0.0104378 0.848996 0.34974 0.0284377 0.775596 0.313821 58 77
P 344 0 0.855565 0.472644 0.895496 0.923719 0.45805 0.929888 33 54
P 345 0 0.629754 0.322331 0.210427 0.549426 0.328048 0.211344 56 85
P 346 0 0.796431 0.326243 0.112952 0.742672 0.380283 0.0798616 97 68
P 347 0 0.797299 0.506129 0.0134998 0.75878 0.440264 0.000469564 157 41
P 348 0 0.0145962 0.548576 0.187276 0.041977 0.491875 0.238756 93 87
P 349 0 0.94958 0.477237 0.949582 0.888286 0.429557 0.939543 25 164
P 350 0 0.871053 0.489537 1.00233 0.833583 0.418954 0.993314 25 176
P 351 0 0.865555 0.350506 0.886164 0.889407 0.400928 0.941083 118 164
P 352 0 0.812136 0.365434 0.976544 0.756105 0.316347 0.992379 167 60
P 353 0 0.867512 0.490092 1.00471 0.816267 0.439596 0.973113 25 96
P 354 0 0.926013 0.485283 0.902676 0.918568 0.434502 0.845401 54 78
P 355 0 0.791727 0.486262 0.0810557 0.823682 0.41529 0.0689063 6 84
P 356 0 0.919452 0.407408 0.980492 0.934967 0.420434 0.904563 54 187
P 357 0 0.934256 0.419976 0.904986 0.889922 0.369132 0.926352 187 60
P 358 0 0.773863 0.413015 0.125513 0.770641 0.459834 0.0657086 173 6
P 359 0 0.811518 0.413817 0.934617 0.866145 0.465478 0.922981 96 142
P 360 0 0.779411 0.392991 0.900852 0.807305 0.319471 0.917099 22 114
P 361 0 0.795604 0.476605 1.01685 0.814798 0.431623 0.961206 157 96
P 362 0 0.869806 0.449219 0.917548 0.94418 0.426376 0.899082 142 187
P 363 0 0.920062 0.48186 0.969409 0.919905 0.412781 0.975123 25 54
P 364 0 1.0012 0.436339 0.950781 0.92138 0.430294 0.957623 120 54
P 365 0 0.889012 0.432898 0.86135 0.9498 0.392751 0.896807 78 60
P 366 0 0.956178 0.66189 0.377793 0.930582 0.604154 0.330389 76 35
P 367 0 0.862302 0.377795 0.967444 0.835355 0.32287 0.914788 167 114
P 368 0 0.743916 0.845169 0.597544 0.743916 0.845169 0.597544 119 -1
P 369 0 0.886154 0.356296 0.88416 0.888861 0.414873 0.940333 118 164
P 370 0 0.814148 0.428092 0.955934 0.886091 0.444163 0.98645 96 176
P 371 0 0.820599 0.429185 0.898265 0.875852 0.471699 0.868294 78 33
P 372 0 0.784229 0.358558 0.981606 0.813133 0.422582 0.947706 167 96
P 373 0 0.96124 0.402173 0.949498 0.906018 0.341087 0.945596 167 83
P 374 0 0.895951 0.35905 0.883207 0.94761 0.428588 0.897042 118 187
P 375 0 0.908119 0.389085 0.959133 0.952015 0.393625 0.895714 167 60
P 376 0 0.886036 0.48701 0.936452 0.867972 0.431756 0.872703 164 78
P 377 0 0.953415 0.337178 0.905059 0.880557 0.365438 0.930973 114 60
P 378 0 0.927736 0.505737 0.882237 0.906504 0.433847 0.851911 54 78
P 379 0 0.987568 0.408661 0.944722 0.919839 0.412004 0.9759 167 54
P 380 0 0.809914 0.499114 0.0433946 0.855999 0.430314 0.044764 25 189
P 381 0 0.921285 0.333284 0.907707 0.899178 0.386882 0.960755 114 167
P 382 0 0.905928 0.388545 0.959531 0.870437 0.446414 0.91661 167 142
P 383 0 0.809327 0.401925 0.91686 0.775217 0.426016 0.986793 96 41
P 384 0 0.869339 0.451294 0.918241 0.847608 0.425687 0.991481 142 176
P 385 0 0.931969 0.418501 0.906347 0.867264 0.460507 0.92132 187 142
P 386 0 0.855121 0.376026 0.968747 0.80882 0.399173 0.91275 167 96
P 387 0 0.872025 0.439362 0.914254 0.869283 0.360991 0.936535 142 60
P 388 0 0.870886 0.436863 0.988437 0.821676 0.474222 0.940937 176 33
P 389 0 0.775317 0.465695 0.069112 0.809255 0.505518 0.128903 6 84
P 390 0 0.923109 0.450809 0.937123 0.963137 0.423866 0.999342 54 120
P 391 0 0.863637 0.378124 0.967202 0.8665 0.303792 0.995857 167 183
P 392 0 0.962583 0.423685 1.00005 0.907815 0.38901 0.959189 120 167
P 393 0 0.87727 0.32795 0.911334 0.930322 0.332721 0.971451 114 183
P 394 0 0.894373 0.335824 0.952585 0.97301 0.35207 0.955127 83 183
P 395 0 0.765214 0.434687 -0.00488352 0.7751 0.465423 0.0689539 41 6
P 396 0 0.894544 0.335901 0.952483 0.917339 0.38233 1.00555 83 54
P 397 0 0.879956 0.328275 0.911113 0.870243 0.379752 0.966004 114 167
P 398 0 0.459908 0.115403 0.752462 0.470526 0.0838629 0.840431 27 9
P 399 0 0.878465 0.410763 0.904696 0.849737 0.374699 0.969723 142 167
