400 
 0.000000
P 0 0 0.649207 0.130142 0.495744 0.649207 0.130142 0.495744 -1 -1
P 1 0 0.536872 0.535665 0.627436 0.536872 0.535665 0.627436 -1 -1
P 2 0 0.403417 0.847764 0.0686366 0.403417 0.847764 0.0686366 -1 -1
P 3 0 0.321279 0.652142 0.00603734 0.321279 0.652142 0.00603734 -1 -1
P 4 0 0.162816 0.881078 0.994348 0.162816 0.881078 0.994348 -1 -1
P 5 0 0.410681 0.544479 0.916751 0.410681 0.544479 0.916751 -1 -1
P 6 0 0.378378 0.57333 0.311123 0.378378 0.57333 0.311123 -1 -1
P 7 0 0.573756 0.549306 0.906047 0.573756 0.549306 0.906047 -1 16
P 8 0 0.157039 0.161287 0.639089 0.157039 0.161287 0.639089 -1 -1
P 9 0 0.239379 0.386963 0.619502 0.239379 0.386963 0.619502 -1 172
P 10 0 0.459906 0.434995 0.0430123 0.459906 0.434995 0.0430123 -1 -1
P 11 0 0.44612 0.919645 0.523627 0.44612 0.919645 0.523627 -1 -1
P 12 0 0.939632 0.0897244 0.455625 0.939632 0.0897244 0.455625 -1 -1
P 13 0 0.360753 0.940255 0.788639 0.360753 0.940255 0.788639 -1 -1
P 14 0 0.727103 0.439613 0.358641 0.727103 0.439613 0.358641 -1 -1
P 15 0 0.645562 0.828661 0.492509 0.645562 0.828661 0.492509 -1 -1
P 16 0 0.953967 0.803211 0.51519 0.953967 0.803211 0.51519 -1 -1
P 17 0 0.131261 0.880055 0.287723 0.131261 0.880055 0.287723 -1 -1
P 18 0 0.313481 0.478257 0.257506 0.313481 0.478257 0.257506 -1 -1
P 19 0 0.229381 0.828408 0.117492 0.229381 0.828408 0.117492 -1 -1
P 20 0 0.229899 0.512678 0.582698 0.229899 0.512678 0.582698 -1 -1
P 21 0 0.326172 0.900462 0.731583 0.326172 0.900462 0.731583 154 -1
P 22 0 0.240289 0.222353 0.308407 0.240289 0.222353 0.308407 -1 -1
P 23 0 0.547304 0.908641 0.102422 0.547304 0.908641 0.102422 -1 -1
P 24 0 0.1378 0.569928 0.354141 0.1378 0.569928 0.354141 -1 -1
P 25 0 0.764496 0.848486 0.475174 0.764496 0.848486 0.475174 197 -1
P 26 0 0.0599735 0.530333 0.397208 0.0599735 0.530333 0.397208 -1 -1
P 27 0 0.91878 0.179302 0.511405 0.91878 0.179302 0.511405 -1 -1
P 28 0 0.581746 0.851688 0.0617583 0.581746 0.851688 0.0617583 -1 -1
P 29 0 0.0666969 0.353981 0.371075 0.0666969 0.353981 0.371075 -1 -1
P 30 0 0.438389 0.181067 0.177147 0.438389 0.181067 0.177147 -1 -1
P 31 0 0.441163 0.435445 0.141393 0.441163 0.435445 0.141393 -1 -1
P 32 0 0.337223 0.413992 0.192848 0.337223 0.413992 0.192848 -1 -1
P 33 0 0.717561 0.953301 0.0392943 0.717561 0.953301 0.0392943 -1 -1
P 34 0 0.0932621 0.338481 0.123905 0.0932621 0.338481 0.123905 186 -1
P 35 0 0.891784 0.0407316 0.260685 0.891784 0.0407316 0.260685 -1 -1
P 36 0 0.513527 0.0314691 0.233613 0.513527 0.0314691 0.233613 -1 -1
P 37 0 0.393253 0.760099 0.940983 0.393253 0.760099 0.940983 117 -1
P 38 0 0.234158 0.212814 0.319355 0.234158 0.212814 0.319355 -1 -1
P 39 0 0.112046 0.178163 0.01552 0.112046 0.178163 0.01552 -1 -1
P 40 0 0.192782 0.533548 0.669466 0.192782 0.533548 0.669466 -1 77
P 41 0 0.67281 0.225033 0.501102 0.67281 0.225033 0.501102 84 -1
P 42 0 0.229164 0.498668 0.738736 0.229164 0.498668 0.738736 -1 -1
P 43 0 0.184958 0.388823 0.505265 0.184958 0.388823 0.505265 -1 -1
P 44 0 0.9219 0.103916 0.937641 0.9219 0.103916 0.937641 -1 -1
P 45 0 0.275852 0.564078 0.463842 0.275852 0.564078 0.463842 -1 108
P 46 0 0.561314 0.14683 0.580614 0.561314 0.14683 0.580614 -1 -1
P 47 0 0.445634 0.464906 0.406486 0.445634 0.464906 0.406486 -1 -1
P 48 0 0.935847 0.903063 0.632893 0.935847 0.903063 0.632893 -1 -1
P 49 0 0.360944 0.240624 0.255416 0.360944 0.240624 0.255416 -1 -1
P 50 0 0.410296 0.27702 0.924787 0.410296 0.27702 0.924787 -1 -1
P 51 0 0.434348 0.541375 0.979568 0.434348 0.541375 0.979568 -1 -1
P 52 0 0.573109 0.20005 0.791902 0.573109 0.20005 0.791902 -1 74
P 53 0 0.0537036 0.438401 0.343873 0.0537036 0.438401 0.343873 -1 -1
P 54 0 0.578149 0.692531 0.674611 0.578149 0.692531 0.674611 -1 -1
P 55 0 0.814356 0.0579819 0.797722 0.814356 0.0579819 0.797722 75 -1
P 56 0 0.370257 0.939126 0.71436 0.370257 0.939126 0.71436 151 -1
P 57 0 0.665494 0.692733 0.506588 0.665494 0.692733 0.506588 -1 -1
P 58 0 0.944558 0.419691 0.881401 0.944558 0.419691 0.881401 -1 -1
P 59 0 0.443555 0.380092 0.256749 0.443555 0.380092 0.256749 -1 -1
P 60 0 0.012179 0.671176 0.469573 0.012179 0.671176 0.469573 -1 -1
P 61 0 0.81505 0.982764 0.56422 0.81505 0.982764 0.56422 -1 -1
P 62 0 0.24971 0.767822 0.071007 0.24971 0.767822 0.071007 -1 -1
P 63 0 0.247339 0.672231 0.394409 0.247339 0.672231 0.394409 -1 -1
P 64 0 0.272072 0.141649 0.214179 0.272072 0.141649 0.214179 -1 -1
P 65 0 0.43404 0.9078 0.704329 0.43404 0.9078 0.704329 -1 -1
P 66 0 0.972119 0.02855 0.257703 0.972119 0.02855 0.257703 -1 -1
P 67 0 0.74206 0.0714208 0.294429 0.74206 0.0714208 0.294429 -1 -1
P 68 0 0.863367 0.475576 0.0565551 0.863367 0.475576 0.0565551 120 -1
P 69 0 0.952444 0.521667 0.743935 0.952444 0.521667 0.743935 -1 -1
P 70 0 0.635321 0.364512 0.000587503 0.635321 0.364512 0.000587503 -1 -1
P 71 0 0.189114 0.4923 0.818878 0.189114 0.4923 0.818878 -1 -1
P 72 0 0.848606 0.342663 0.598933 0.848606 0.342663 0.598933 -1 179
P 73 0 0.900395 0.404797 0.971895 0.900395 0.404797 0.971895 46 -1
P 74 0 0.564289 0.40415 0.181069 0.564289 0.40415 0.181069 133 -1
P 75 0 0.0384504 0.576402 0.782871 0.0384504 0.576402 0.782871 -1 -1
P 76 0 0.759713 0.479119 0.661168 0.759713 0.479119 0.661168 -1 -1
P 77 0 0.711557 0.946982 0.847787 0.711557 0.946982 0.847787 -1 -1
P 78 0 0.407635 0.217779 0.835424 0.407635 0.217779 0.835424 -1 -1
P 79 0 0.952922 0.923318 0.457585 0.952922 0.923318 0.457585 -1 -1
P 80 0 0.316344 0.150905 0.976666 0.316344 0.150905 0.976666 -1 -1
P 81 0 0.262232 0.711303 0.276188 0.262232 0.711303 0.276188 -1 -1
P 82 0 0.986898 0.921095 0.311974 0.986898 0.921095 0.311974 -1 -1
P 83 0 0.914611 0.959769 0.380387 0.914611 0.959769 0.380387 -1 -1
P 84 0 0.0159748 0.361345 0.318937 0.0159748 0.361345 0.318937 -1 -1
P 85 0 0.732466 0.170864 0.573887 0.732466 0.170864 0.573887 -1 132
P 86 0 0.231226 0.270003 0.109903 0.231226 0.270003 0.109903 -1 -1
P 87 0 0.222432 0.215426 0.814079 0.222432 0.215426 0.814079 -1 -1
P 88 0 0.938547 0.684271 0.317865 0.938547 0.684271 0.317865 -1 -1
P 89 0 0.375923 0.437204 0.867433 0.375923 0.437204 0.867433 -1 -1
P 90 0 0.958825 0.978281 0.0989281 0.958825 0.978281 0.0989281 -1 -1
P 91 0 0.588515 0.491941 0.593653 0.588515 0.491941 0.593653 -1 -1
P 92 0 0.715325 0.764472 0.724631 0.715325 0.764472 0.724631 -1 -1
P 93 0 0.844781 0.683409 0.985187 0.844781 0.683409 0.985187 -1 -1
P 94 0 0.427791 0.0804034 0.234446 0.427791 0.0804034 0.234446 -1 -1
P 95 0 0.880968 0.651975 0.61415 0.880968 0.651975 0.61415 167 -1
P 96 0 0.132483 0.237645 0.970233 0.132483 0.237645 0.970233 -1 72
P 97 0 0.0923786 0.519787 0.172432 0.0923786 0.519787 0.172432 -1 -1
P 98 0 0.847115 0.424743 0.375958 0.847115 0.424743 0.375958 83 -1
P 99 0 0.77594 0.988068 0.967644 0.77594 0.988068 0.967644 -1 -1
P 100 0 0.348026 0.732706 0.719963 0.348026 0.732706 0.719963 -1 -1
P 101 0 0.203604 0.336658 0.270872 0.203604 0.336658 0.270872 -1 -1
P 102 0 0.502347 0.798199 0.454839 0.502347 0.798199 0.454839 -1 -1
P 103 0 0.410574 0.0561161 0.29837 0.410574 0.0561161 0.29837 -1 -1
P 104 0 0.969585 0.19116 0.968495 0.969585 0.19116 0.968495 -1 -1
P 105 0 0.664614 0.146653 0.768172 0.664614 0.146653 0.768172 74 -1
P 106 0 0.74899 0.851907 0.333744 0.74899 0.851907 0.333744 -1 197
P 107 0 0.663633 0.467781 0.18508 0.663633 0.467781 0.18508 -1 -1
P 108 0 0.232825 0.976465 0.774319 0.232825 0.976465 0.774319 -1 -1
P 109 0 0.135031 0.507488 0.995635 0.135031 0.507488 0.995635 -1 -1
P 110 0 0.67623 0.239792 0.877804 0.67623 0.239792 0.877804 -1 -1
P 111 0 0.276084 0.622814 0.739805 0.276084 0.622814 0.739805 -1 195
P 112 0 0.195487 0.514915 0.509021 0.195487 0.514915 0.509021 -1 -1
P 113 0 0.732008 0.337972 0.381333 0.732008 0.337972 0.381333 -1 -1
P 114 0 0.301158 0.777976 0.656728 0.301158 0.777976 0.656728 -1 105
P 115 0 0.681133 0.149453 0.65367 0.681133 0.149453 0.65367 -1 -1
P 116 0 0.529806 0.583172 0.0271515 0.529806 0.583172 0.0271515 -1 -1
P 117 0 0.237078 0.796101 0.789809 0.237078 0.796101 0.789809 -1 -1
P 118 0 0.227176 0.218093 0.292004 0.227176 0.218093 0.292004 -1 -1
P 119 0 0.327367 0.537104 0.596219 0.327367 0.537104 0.596219 -1 -1
P 120 0 0.370593 0.571548 0.624605 0.370593 0.571548 0.624605 -1 -1
P 121 0 0.0816879 0.358935 0.101034 0.0816879 0.358935 0.101034 -1 -1
P 122 0 0.499523 0.228692 0.368817 0.499523 0.228692 0.368817 -1 -1
P 123 0 0.572321 0.233525 0.93796 0.572321 0.233525 0.93796 -1 -1
P 124 0 0.831836 0.671575 0.858678 0.831836 0.671575 0.858678 189 -1
P 125 0 0.383497 0.0612466 0.490805 0.383497 0.0612466 0.490805 -1 -1
P 126 0 0.439205 0.339394 0.258269 0.439205 0.339394 0.258269 -1 -1
P 127 0 0.64144 0.146658 0.491438 0.64144 0.146658 0.491438 -1 -1
P 128 0 0.716291 0.629517 0.393493 0.716291 0.629517 0.393493 -1 -1
P 129 0 0.516778 0.856348 0.0851384 0.516778 0.856348 0.0851384 -1 -1
P 130 0 0.782907 0.68854 0.674076 0.782907 0.68854 0.674076 118 -1
P 131 0 0.154098 0.79795 0.529428 0.154098 0.79795 0.529428 -1 -1
P 132 0 0.0319099 0.176923 0.782307 0.0319099 0.176923 0.782307 -1 -1
P 133 0 0.690769 0.45689 0.798701 0.690769 0.45689 0.798701 -1 -1
P 134 0 0.810071 0.404538 0.965133 0.810071 0.404538 0.965133 -1 -1
P 135 0 0.307139 0.209746 0.924823 0.307139 0.209746 0.924823 -1 -1
P 136 0 0.120945 0.00593688 0.179703 0.120945 0.00593688 0.179703 -1 -1
P 137 0 0.679744 0.356878 0.280314 0.679744 0.356878 0.280314 -1 -1
P 138 0 0.924062 0.425599 0.365399 0.924062 0.425599 0.365399 65 -1
P 139 0 0.796528 0.0477512 0.959902 0.796528 0.0477512 0.959902 -1 -1
P 140 0 0.384583 0.336333 0.888776 0.384583 0.336333 0.888776 -1 -1
P 141 0 0.570358 0.132124 0.552633 0.570358 0.132124 0.552633 -1 132
P 142 0 0.0860346 0.570063 0.911774 0.0860346 0.570063 0.911774 -1 -1
P 143 0 0.578288 0.877249 0.757892 0.578288 0.877249 0.757892 -1 -1
P 144 0 0.401143 0.427093 0.879661 0.401143 0.427093 0.879661 -1 -1
P 145 0 0.319395 0.696854 0.998662 0.319395 0.696854 0.998662 -1 -1
P 146 0 0.784287 0.7262 0.159216 0.784287 0.7262 0.159216 -1 -1
P 147 0 0.551043 0.0268955 0.974609 0.551043 0.0268955 0.974609 -1 -1
P 148 0 0.834212 0.959555 0.792444 0.834212 0.959555 0.792444 -1 -1
P 149 0 0.282668 0.085866 0.314926 0.282668 0.085866 0.314926 -1 -1
P 150 0 0.559011 0.626249 0.65545 0.559011 0.626249 0.65545 -1 -1
P 151 0 0.753878 0.850828 0.37833 0.753878 0.850828 0.37833 197 -1
P 152 0 0.395213 0.00336477 0.550601 0.395213 0.00336477 0.550601 -1 -1
P 153 0 0.330821 0.680184 0.357597 0.330821 0.680184 0.357597 -1 -1
P 154 0 0.918545 0.195875 0.583624 0.918545 0.195875 0.583624 -1 -1
P 155 0 0.851626 0.988666 0.407827 0.851626 0.988666 0.407827 -1 -1
P 156 0 0.0448067 0.69363 0.102499 0.0448067 0.69363 0.102499 -1 -1
P 157 0 0.195275 0.804675 0.983302 0.195275 0.804675 0.983302 -1 33
P 158 0 0.288152 0.397061 0.67513 0.288152 0.397061 0.67513 -1 -1
P 159 0 0.501707 0.680881 0.211428 0.501707 0.680881 0.211428 -1 -1
P 160 0 0.670093 0.697728 0.428343 0.670093 0.697728 0.428343 -1 -1
P 161 0 0.593887 0.38643 0.0267315 0.593887 0.38643 0.0267315 -1 -1
P 162 0 0.704717 0.855449 0.219215 0.704717 0.855449 0.219215 -1 -1
P 163 0 0.922 0.985817 0.229693 0.922 0.985817 0.229693 -1 -1
P 164 0 0.485718 0.303086 0.239122 0.485718 0.303086 0.239122 -1 -1
P 165 0 0.919473 0.148208 0.292656 0.919473 0.148208 0.292656 -1 -1
P 166 0 0.252977 0.108886 0.282918 0.252977 0.108886 0.282918 -1 -1
P 167 0 0.231847 0.811398 0.572425 0.231847 0.811398 0.572425 -1 182
P 168 0 0.797678 0.574036 0.22859 0.797678 0.574036 0.22859 -1 -1
P 169 0 0.994786 0.952953 0.884338 0.994786 0.952953 0.884338 -1 -1
P 170 0 0.0847803 0.290936 0.0590044 0.0847803 0.290936 0.0590044 -1 -1
P 171 0 0.869216 0.572721 0.0585762 0.869216 0.572721 0.0585762 -1 -1
P 172 0 0.523764 0.277513 0.302204 0.523764 0.277513 0.302204 -1 -1
P 173 0 0.216241 0.955499 0.536222 0.216241 0.955499 0.536222 -1 -1
P 174 0 0.530138 0.485792 0.520468 0.530138 0.485792 0.520468 90 -1
P 175 0 0.854416 0.875735 0.173213 0.854416 0.875735 0.173213 -1 -1
P 176 0 0.110623 0.594626 0.338959 0.110623 0.594626 0.338959 -1 -1
P 177 0 0.47661 0.311724 0.40897 0.47661 0.311724 0.40897 -1 -1
P 178 0 0.0792139 0.138331 0.0382736 0.0792139 0.138331 0.0382736 -1 -1
P 179 0 0.600376 0.788022 0.996293 0.600376 0.788022 0.996293 -1 -1
P 180 0 0.964882 0.522082 0.637701 0.964882 0.522082 0.637701 -1 -1
P 181 0 0.450681 0.0516707 0.0513737 0.450681 0.0516707 0.0513737 -1 -1
P 182 0 0.0484485 0.982107 0.642397 0.0484485 0.982107 0.642397 -1 -1
P 183 0 0.341048 0.704675 0.888359 0.341048 0.704675 0.888359 -1 -1
P 184 0 0.8642 0.687672 0.505398 0.8642 0.687672 0.505398 -1 -1
P 185 0 0.660497 0.247565 0.853824 0.660497 0.247565 0.853824 -1 -1
P 186 0 0.224147 0.749759 0.46756 0.224147 0.749759 0.46756 -1 -1
P 187 0 0.525961 0.25904 0.444148 0.525961 0.25904 0.444148 -1 -1
P 188 0 0.321894 0.74302 0.63351 0.321894 0.74302 0.63351 -1 -1
P 189 0 0.358117 0.941434 0.0996076 0.358117 0.941434 0.0996076 -1 -1
P 190 0 0.196808 0.802242 0.977998 0.196808 0.802242 0.977998 33 -1
P 191 0 0.229314 0.597255 0.394684 0.229314 0.597255 0.394684 -1 31
P 192 0 0.754583 0.985992 0.554526 0.754583 0.985992 0.554526 2 -1
P 193 0 0.805111 0.560357 0.808707 0.805111 0.560357 0.808707 -1 -1
P 194 0 0.60777 0.785842 0.796312 0.60777 0.785842 0.796312 -1 -1
P 195 0 0.531047 0.882848 0.585695 0.531047 0.882848 0.585695 -1 -1
P 196 0 0.888974 0.107441 0.06598 0.888974 0.107441 0.06598 -1 -1
P 197 0 0.830681 0.203909 0.736171 0.830681 0.203909 0.736171 -1 -1
P 198 0 0.23142 0.336436 0.0103812 0.23142 0.336436 0.0103812 -1 -1
P 199 0 0.38959 0.267265 0.877336 0.38959 0.267265 0.877336 -1 -1
P 200 0 0.817529 0.756731 0.0713634 0.817529 0.756731 0.0713634 -1 -1
P 201 0 0.105645 0.00299953 0.0777258 0.105645 0.00299953 0.0777258 -1 -1
P 202 0 0.345309 0.862103 0.560825 0.345309 0.862103 0.560825 -1 -1
P 203 0 0.998805 0.740667 0.330092 0.998805 0.740667 0.330092 -1 -1
P 204 0 0.219476 0.123584 0.499251 0.219476 0.123584 0.499251 -1 -1
P 205 0 0.670939 0.380933 0.736841 0.670939 0.380933 0.736841 -1 -1
P 206 0 0.627586 0.816945 0.15649 0.627586 0.816945 0.15649 -1 -1
P 207 0 0.756627 0.283831 0.480225 0.756627 0.283831 0.480225 -1 -1
P 208 0 0.0536253 0.442793 0.46942 0.0536253 0.442793 0.46942 -1 -1
P 209 0 0.393301 0.841668 0.462591 0.393301 0.841668 0.462591 -1 -1
P 210 0 0.851495 0.0310567 0.976514 0.851495 0.0310567 0.976514 -1 -1
P 211 0 0.197784 0.219951 0.364268 0.197784 0.219951 0.364268 -1 -1
P 212 0 0.741937 0.572315 0.972832 0.741937 0.572315 0.972832 -1 -1
P 213 0 0.139982 0.377155 0.428933 0.139982 0.377155 0.428933 129 -1
P 214 0 0.961671 0.98829 0.414463 0.961671 0.98829 0.414463 -1 158
P 215 0 0.674283 0.818339 0.530314 0.674283 0.818339 0.530314 -1 -1
P 216 0 0.257947 0.74546 0.435262 0.257947 0.74546 0.435262 -1 -1
P 217 0 0.978287 0.41754 0.672866 0.978287 0.41754 0.672866 -1 -1
P 218 0 0.688543 0.0229125 0.0741002 0.688543 0.0229125 0.0741002 -1 -1
P 219 0 0.451957 0.241976 0.433539 0.451957 0.241976 0.433539 -1 -1
P 220 0 0.408616 0.887418 0.797237 0.408616 0.887418 0.797237 -1 -1
P 221 0 0.411167 0.569733 0.639661 0.411167 0.569733 0.639661 -1 -1
P 222 0 0.0423737 0.643676 0.824223 0.0423737 0.643676 0.824223 -1 -1
P 223 0 0.716924 0.485239 0.289674 0.716924 0.485239 0.289674 111 -1
P 224 0 0.15916 0.329198 0.962037 0.15916 0.329198 0.962037 36 -1
P 225 0 0.779682 0.375838 0.450532 0.779682 0.375838 0.450532 -1 -1
P 226 0 0.671701 0.464026 0.894263 0.671701 0.464026 0.894263 -1 -1
P 227 0 0.265021 0.230899 0.0157897 0.265021 0.230899 0.0157897 66 -1
P 228 0 0.677053 0.471149 0.465597 0.677053 0.471149 0.465597 -1 181
P 229 0 0.8033 0.425968 0.93855 0.8033 0.425968 0.93855 -1 -1
P 230 0 0.167962 0.838434 0.506664 0.167962 0.838434 0.506664 -1 -1
P 231 0 0.72252 0.344555 0.843507 0.72252 0.344555 0.843507 -1 -1
P 232 0 0.238336 0.537968 0.928086 0.238336 0.537968 0.928086 -1 -1
P 233 0 0.803112 0.835346 0.120615 0.803112 0.835346 0.120615 -1 -1
P 234 0 0.337225 0.905867 0.340192 0.337225 0.905867 0.340192 -1 -1
P 235 0 0.944569 0.635459 0.228187 0.944569 0.635459 0.228187 -1 -1
P 236 0 0.389557 0.0306132 0.879513 0.389557 0.0306132 0.879513 -1 -1
P 237 0 0.407654 0.225884 0.56541 0.407654 0.225884 0.56541 -1 183
P 238 0 0.220621 0.645864 0.676026 0.220621 0.645864 0.676026 -1 93
P 239 0 0.53762 0.0795758 0.108222 0.53762 0.0795758 0.108222 -1 -1
P 240 0 0.661429 0.800824 0.381329 0.661429 0.800824 0.381329 -1 -1
P 241 0 0.623098 0.49702 0.871832 0.623098 0.49702 0.871832 32 -1
P 242 0 0.787281 0.599405 0.049863 0.787281 0.599405 0.049863 -1 -1
P 243 0 0.700508 0.0787276 0.957801 0.700508 0.0787276 0.957801 -1 -1
P 244 0 0.209858 0.598908 0.935238 0.209858 0.598908 0.935238 -1 -1
P 245 0 0.753713 0.64613 0.416423 0.753713 0.64613 0.416423 -1 -1
P 246 0 0.621321 0.4365 0.165593 0.621321 0.4365 0.165593 -1 -1
P 247 0 0.468752 0.264757 0.285887 0.468752 0.264757 0.285887 -1 -1
P 248 0 0.000555927 0.89826 0.502857 0.000555927 0.89826 0.502857 -1 -1
P 249 0 0.344012 0.354193 0.145198 0.344012 0.354193 0.145198 -1 -1
P 250 0 0.466554 0.147655 0.941341 0.466554 0.147655 0.941341 -1 -1
P 251 0 0.185249 0.300222 0.241535 0.185249 0.300222 0.241535 -1 -1
P 252 0 0.755705 0.537319 0.364924 0.755705 0.537319 0.364924 -1 -1
P 253 0 0.232431 0.0322734 0.748167 0.232431 0.0322734 0.748167 -1 8
P 254 0 0.437866 0.974575 0.812609 0.437866 0.974575 0.812609 151 -1
P 255 0 0.671297 0.0999647 0.226867 0.671297 0.0999647 0.226867 -1 -1
P 256 0 0.849959 0.746146 0.0475692 0.849959 0.746146 0.0475692 -1 -1
P 257 0 0.0995269 0.603355 0.271152 0.0995269 0.603355 0.271152 -1 -1
P 258 0 0.234979 0.389019 0.620988 0.234979 0.389019 0.620988 -1 172
P 259 0 0.992097 0.129922 0.137139 0.992097 0.129922 0.137139 -1 -1
P 260 0 0.93487 0.691253 0.200693 0.93487 0.691253 0.200693 -1 -1
P 261 0 0.703153 0.343407 0.16242 0.703153 0.343407 0.16242 -1 -1
P 262 0 0.486784 0.280989 0.968048 0.486784 0.280989 0.968048 -1 -1
P 263 0 0.356843 0.72035 0.692393 0.356843 0.72035 0.692393 -1 -1
P 264 0 0.159358 0.778135 0.326087 0.159358 0.778135 0.326087 -1 -1
P 265 0 0.565249 0.17173 0.488393 0.565249 0.17173 0.488393 -1 -1
P 266 0 0.704075 0.576606 0.469916 0.704075 0.576606 0.469916 -1 -1
P 267 0 0.851905 0.610692 0.571873 0.851905 0.610692 0.571873 -1 127
P 268 0 0.417896 0.2992 0.129134 0.417896 0.2992 0.129134 -1 -1
P 269 0 0.883471 0.00138626 0.214778 0.883471 0.00138626 0.214778 -1 -1
P 270 0 0.341461 0.984473 0.888266 0.341461 0.984473 0.888266 -1 -1
P 271 0 0.567711 0.248476 0.958728 0.567711 0.248476 0.958728 -1 -1
P 272 0 0.607428 0.286552 0.681866 0.607428 0.286552 0.681866 -1 -1
P 273 0 0.00932036 0.330625 0.382924 0.00932036 0.330625 0.382924 -1 -1
P 274 0 0.670911 0.213704 0.819119 0.670911 0.213704 0.819119 -1 -1
P 275 0 0.27386 0.669115 0.610811 0.27386 0.669115 0.610811 -1 -1
P 276 0 0.548401 0.31196 0.358671 0.548401 0.31196 0.358671 -1 -1
P 277 0 0.328147 0.927577 0.00677057 0.328147 0.927577 0.00677057 -1 -1
P 278 0 0.190704 0.368028 0.858158 0.190704 0.368028 0.858158 -1 -1
P 279 0 0.456041 0.290667 0.955609 0.456041 0.290667 0.955609 -1 -1
P 280 0 0.657907 0.758772 0.392342 0.657907 0.758772 0.392342 -1 -1
P 281 0 0.071023 0.913626 0.549982 0.071023 0.913626 0.549982 21 -1
P 282 0 0.352851 0.443024 0.0165765 0.352851 0.443024 0.0165765 -1 -1
P 283 0 0.0769622 0.991745 0.921308 0.0769622 0.991745 0.921308 -1 -1
P 284 0 0.813466 0.267814 0.389133 0.813466 0.267814 0.389133 -1 -1
P 285 0 0.996004 0.85926 0.983833 0.996004 0.85926 0.983833 -1 -1
P 286 0 0.00611843 0.637075 0.373336 0.00611843 0.637075 0.373336 -1 -1
P 287 0 0.660176 0.0161733 0.131941 0.660176 0.0161733 0.131941 -1 188
P 288 0 0.361272 0.465329 0.88136 0.361272 0.465329 0.88136 -1 -1
P 289 0 0.382306 0.353349 0.0506337 0.382306 0.353349 0.0506337 -1 -1
P 290 0 0.722886 0.665405 0.758844 0.722886 0.665405 0.758844 -1 -1
P 291 0 0.4787 0.719278 0.51129 0.4787 0.719278 0.51129 -1 -1
P 292 0 0.454809 0.992665 0.891294 0.454809 0.992665 0.891294 -1 10
P 293 0 0.199265 0.936839 0.538908 0.199265 0.936839 0.538908 -1 -1
P 294 0 0.892816 0.131388 0.0112607 0.892816 0.131388 0.0112607 -1 -1
P 295 0 0.801875 0.512744 0.0125618 0.801875 0.512744 0.0125618 120 -1
P 296 0 0.0429591 0.912682 0.974982 0.0429591 0.912682 0.974982 -1 -1
P 297 0 0.424268 0.0514404 0.909678 0.424268 0.0514404 0.909678 -1 -1
P 298 0 0.55433 0.652263 0.659809 0.55433 0.652263 0.659809 -1 -1
P 299 0 0.509969 0.117692 0.544716 0.509969 0.117692 0.544716 132 -1
P 300 0 0.905415 0.849502 0.769138 0.905415 0.849502 0.769138 -1 -1
P 301 0 0.798727 0.554078 0.909194 0.798727 0.554078 0.909194 -1 -1
P 302 0 0.39701 0.856943 0.176791 0.39701 0.856943 0.176791 49 -1
P 303 0 0.8246 0.340823 0.829712 0.8246 0.340823 0.829712 -1 -1
P 304 0 0.700399 0.626747 0.27047 0.700399 0.626747 0.27047 -1 -1
P 305 0 0.614509 0.561055 0.990874 0.614509 0.561055 0.990874 -1 -1
P 306 0 0.246912 0.785917 0.399572 0.246912 0.785917 0.399572 -1 -1
P 307 0 0.467779 0.637733 0.0173471 0.467779 0.637733 0.0173471 -1 -1
P 308 0 0.434472 0.396823 0.139965 0.434472 0.396823 0.139965 -1 -1
P 309 0 0.998681 0.455319 0.0232271 0.998681 0.455319 0.0232271 -1 -1
P 310 0 0.885644 0.636932 0.231141 0.885644 0.636932 0.231141 -1 -1
P 311 0 0.14599 0.391828 0.907349 0.14599 0.391828 0.907349 -1 -1
P 312 0 0.217736 0.840673 0.645282 0.217736 0.840673 0.645282 -1 -1
P 313 0 0.741293 0.446215 0.712433 0.741293 0.446215 0.712433 -1 11
P 314 0 0.545515 0.674028 0.430327 0.545515 0.674028 0.430327 -1 -1
P 315 0 0.895692 0.652456 0.0339883 0.895692 0.652456 0.0339883 -1 -1
P 316 0 0.612018 0.783655 0.57694 0.612018 0.783655 0.57694 -1 -1
P 317 0 0.796936 0.713092 0.486047 0.796936 0.713092 0.486047 -1 -1
P 318 0 0.65695 0.466925 0.751872 0.65695 0.466925 0.751872 -1 -1
P 319 0 0.489795 0.0657895 0.129184 0.489795 0.0657895 0.129184 -1 128
P 320 0 0.358778 0.036256 0.544006 0.358778 0.036256 0.544006 -1 -1
P 321 0 0.367652 0.710902 0.323383 0.367652 0.710902 0.323383 -1 187
P 322 0 0.787074 0.646892 0.139857 0.787074 0.646892 0.139857 -1 -1
P 323 0 0.0666703 0.244414 0.166429 0.0666703 0.244414 0.166429 -1 3
P 324 0 0.458105 0.953285 0.454893 0.458105 0.953285 0.454893 -1 -1
P 325 0 0.42215 0.0581843 0.485542 0.42215 0.0581843 0.485542 -1 -1
P 326 0 0.839805 0.398921 0.606123 0.839805 0.398921 0.606123 -1 -1
P 327 0 0.280236 0.0884741 0.502366 0.280236 0.0884741 0.502366 67 -1
P 328 0 0.823024 0.109166 0.872685 0.823024 0.109166 0.872685 -1 -1
P 329 0 0.333357 0.677159 0.441164 0.333357 0.677159 0.441164 82 -1
P 330 0 0.4893 0.468464 0.448435 0.4893 0.468464 0.448435 -1 -1
P 331 0 0.919628 0.898662 0.858696 0.919628 0.898662 0.858696 -1 -1
P 332 0 0.352886 0.755113 0.437279 0.352886 0.755113 0.437279 82 -1
P 333 0 0.54467 0.211494 0.811495 0.54467 0.211494 0.811495 -1 -1
P 334 0 0.0229511 0.416769 0.487492 0.0229511 0.416769 0.487492 -1 -1
P 335 0 0.660733 0.233526 0.580106 0.660733 0.233526 0.580106 106 -1
P 336 0 0.980391 0.630161 0.299474 0.980391 0.630161 0.299474 -1 -1
P 337 0 0.215396 0.901532 0.0496 0.215396 0.901532 0.0496 126 -1
P 338 0 0.0623548 0.589866 0.709084 0.0623548 0.589866 0.709084 -1 -1
P 339 0 0.378647 0.544605 0.290195 0.378647 0.544605 0.290195 -1 -1
P 340 0 0.200414 0.682361 0.118784 0.200414 0.682361 0.118784 -1 -1
P 341 0 0.829127 0.109001 0.122712 0.829127 0.109001 0.122712 -1 -1
P 342 0 0.97802 0.20881 0.0641773 0.97802 0.20881 0.0641773 191 -1
P 343 0 0.436879 0.707119 0.365504 0.436879 0.707119 0.365504 -1 -1
P 344 0 0.371407 0.209814 0.0890491 0.371407 0.209814 0.0890491 -1 -1
P 345 0 0.815811 0.822919 0.109341 0.815811 0.822919 0.109341 -1 -1
P 346 0 0.988434 0.116633 0.82463 0.988434 0.116633 0.82463 -1 -1
P 347 0 0.631713 0.634789 0.99264 0.631713 0.634789 0.99264 -1 -1
P 348 0 0.417715 0.878958 0.292786 0.417715 0.878958 0.292786 -1 89
P 349 0 0.77885 0.6155 0.0608269 0.77885 0.6155 0.0608269 -1 -1
P 350 0 0.781619 0.968164 0.233886 0.781619 0.968164 0.233886 -1 -1
P 351 0 0.710984 0.921103 0.634275 0.710984 0.921103 0.634275 -1 -1
P 352 0 0.0600351 0.0518659 0.854655 0.0600351 0.0518659 0.854655 48 -1
P 353 0 0.570164 0.961263 0.511768 0.570164 0.961263 0.511768 -1 -1
P 354 0 0.13183 0.281476 0.775277 0.13183 0.281476 0.775277 -1 81
P 355 0 0.14095 0.116319 0.855092 0.14095 0.116319 0.855092 -1 -1
P 356 0 0.113507 0.975055 0.70564 0.113507 0.975055 0.70564 -1 -1
P 357 0 0.483997 0.77612 0.10092 0.483997 0.77612 0.10092 -1 -1
P 358 0 0.986211 0.700048 0.492574 0.986211 0.700048 0.492574 -1 -1
P 359 0 0.713379 0.0455833 0.796585 0.713379 0.0455833 0.796585 -1 -1
P 360 0 0.288781 0.0654633 0.646254 0.288781 0.0654633 0.646254 -1 -1
P 361 0 0.682756 0.15141 0.9287 0.682756 0.15141 0.9287 -1 -1
P 362 0 0.275602 0.493643 0.978869 0.275602 0.493643 0.978869 -1 -1
P 363 0 0.823971 0.670517 0.632522 0.823971 0.670517 0.632522 -1 -1
P 364 0 0.252678 0.0495253 0.665043 0.252678 0.0495253 0.665043 8 -1
P 365 0 0.124436 0.996834 0.543685 0.124436 0.996834 0.543685 -1 -1
P 366 0 0.145173 0.422896 0.22001 0.145173 0.422896 0.22001 -1 -1
P 367 0 0.322105 0.205487 0.201901 0.322105 0.205487 0.201901 -1 -1
P 368 0 0.625843 0.725732 0.410781 0.625843 0.725732 0.410781 -1 -1
P 369 0 0.318788 0.646516 0.0756798 0.318788 0.646516 0.0756798 -1 -1
P 370 0 0.260562 0.0588952 0.811944 0.260562 0.0588952 0.811944 -1 -1
P 371 0 0.612027 0.258307 0.786115 0.612027 0.258307 0.786115 28 -1
P 372 0 0.511151 0.28499 0.919153 0.511151 0.28499 0.919153 -1 -1
P 373 0 0.505069 0.184971 0.674722 0.505069 0.184971 0.674722 -1 -1
P 374 0 0.104157 0.174832 0.731431 0.104157 0.174832 0.731431 -1 -1
P 375 0 0.888562 0.516784 0.765992 0.888562 0.516784 0.765992 -1 -1
P 376 0 0.0624659 0.649076 0.0821759 0.0624659 0.649076 0.0821759 -1 -1
P 377 0 0.446533 0.29743 0.966115 0.446533 0.29743 0.966115 -1 -1
P 378 0 0.821548 0.517916 0.350764 0.821548 0.517916 0.350764 -1 -1
P 379 0 0.177716 0.186775 0.470063 0.177716 0.186775 0.470063 -1 -1
P 380 0 0.582113 0.0504489 0.37157 0.582113 0.0504489 0.37157 -1 -1
P 381 0 0.560272 0.986724 0.389778 0.560272 0.986724 0.389778 -1 145
P 382 0 0.808875 0.812234 0.761579 0.808875 0.812234 0.761579 -1 -1
P 383 0 0.0187772 0.926483 0.0906544 0.0187772 0.926483 0.0906544 -1 -1
P 384 0 0.770929 0.140278 0.986018 0.770929 0.140278 0.986018 -1 -1
P 385 0 0.500607 0.569306 0.356882 0.500607 0.569306 0.356882 -1 -1
P 386 0 0.0699368 0.0775995 0.832361 0.0699368 0.0775995 0.832361 -1 -1
P 387 0 0.291173 0.199366 0.663206 0.291173 0.199366 0.663206 4 -1
P 388 0 0.370289 0.512244 0.583024 0.370289 0.512244 0.583024 -1 -1
P 389 0 0.475897 0.281313 0.364163 0.475897 0.281313 0.364163 -1 -1
P 390 0 0.00448829 0.571972 0.195055 0.00448829 0.571972 0.195055 -1 -1
P 391 0 0.763178 0.759774 0.435481 0.763178 0.759774 0.435481 -1 -1
P 392 0 0.102493 0.977316 0.280817 0.102493 0.977316 0.280817 -1 -1
P 393 0 0.588679 0.0587489 0.204117 0.588679 0.0587489 0.204117 -1 -1
P 394 0 0.894197 0.096369 0.533811 0.894197 0.096369 0.533811 -1 -1
P 395 0 0.255576 0.687715 0.381034 0.255576 0.687715 0.381034 -1 -1
P 396 0 0.296005 0.657546 0.14826 0.296005 0.657546 0.14826 -1 -1
P 397 0 0.465934 0.917377 0.648856 0.465934 0.917377 0.648856 -1 139
P 398 0 0.723647 0.000911368 0.124565 0.723647 0.000911368 0.124565 -1 -1
P 399 0 0.906473 0.659311 0.970023 0.906473 0.659311 0.970023 -1 -1
