400 
 1.000000
P 0 0 0.702728 0.87022 0.855037 0.769261 0.842882 0.891192 91 182
P 1 0 0.692375 0.785551 0.768589 0.714669 0.706453 0.758853 78 146
P 2 0 0.826903 0.109692 0.221753 0.799928 0.0509178 0.179605 135 83
P 3 0 0.591057 0.914544 0.67389 0.541311 0.953543 0.72301 69 33
P 4 0 0.718723 0.880493 0.800067 0.764203 0.821786 0.763916 182 171
P 5 0 0.732453 0.747992 0.940022 0.77574 0.753372 1.00507 16 119
P 6 0 0.258016 0.187059 0.175061 0.255368 0.118926 0.215406 66 70
P 7 0 0.668469 0.738754 0.919208 0.723241 0.759393 0.979025 32 16
P 8 0 0.636235 0.458061 0.674497 0.58908 0.47731 0.736722 1 165
P 9 0 0.28939 0.266807 0.127818 0.288998 0.312992 0.0641493 177 131
P 10 0 0.302466 0.230841 0.0827944 0.320519 0.212067 0.160512 61 177
P 11 0 0.609547 0.60875 0.786201 0.6795 0.567214 0.790425 96 179
P 12 0 -0.0165209 0.170434 0.418293 0.0606528 0.156914 0.411944 35 31
P 13 0 0.885777 0.817759 0.911443 0.856289 0.881312 0.952236 196 105
P 14 0 0.792292 1.00081 0.264278 0.773531 0.937864 0.305167 132 192
P 15 0 0.300878 0.170834 0.104916 0.259237 0.22506 0.0651088 66 14
P 16 0 0.581727 0.744179 0.673878 0.616898 0.766501 0.608181 78 93
P 17 0 0.0594994 0.122865 0.482837 0.0637627 0.155382 0.414172 166 31
P 18 0 0.0835837 0.313975 0.401278 0.0675173 0.256454 0.350516 23 76
P 19 0 0.145026 0.200994 0.739624 0.198723 0.165631 0.682381 5 9
P 20 0 0.0804384 0.262717 0.329459 0.0711777 0.215774 0.390383 76 122
P 21 0 0.041421 0.292875 0.379032 0.0181589 0.301732 0.306883 23 102
P 22 0 0.263809 0.206547 0.266066 0.185619 0.229538 0.245619 84 169
P 23 0 0.559044 0.935654 0.981581 0.555079 0.858347 0.974273 91 140
P 24 0 0.028516 0.172752 0.388915 0.0501003 0.24801 0.3789 31 76
P 25 0 0.532461 0.85019 0.861235 0.477717 0.897032 0.818824 101 33
P 26 0 0.0101203 0.197209 0.319219 0.0181157 0.154872 0.255332 82 141
P 27 0 0.699107 0.895092 0.764698 0.757342 0.952392 0.780625 182 38
P 28 0 0.455882 0.785814 0.857798 0.449167 0.741391 0.787685 157 54
P 29 0 0.850312 0.774074 0.932772 0.883302 0.790062 1.00221 196 8
P 30 0 0.899408 0.887424 0.321341 0.918953 0.89706 0.245135 181 125
P 31 0 0.172785 0.224283 0.350481 0.177114 0.209936 0.276046 180 186
P 32 0 0.785155 0.0608996 0.204387 0.736191 0.0376883 0.261017 83 192
P 33 0 0.808017 -0.00602958 0.297574 0.815168 0.011697 0.219467 132 147
P 34 0 0.189393 0.170115 0.243328 0.245887 0.191651 0.194911 186 66
P 35 0 0.952926 0.927878 0.350026 0.95744 0.982121 0.405703 197 111
P 36 0 0.45032 0.736543 0.907182 0.526232 0.72731 0.916971 157 4
P 37 0 0.0175567 0.240981 0.359845 0.0553734 0.189254 0.317062 102 191
P 38 0 0.160128 0.219058 0.33598 0.150558 0.296058 0.346807 180 186
P 39 0 0.192993 0.173717 0.176325 0.18698 0.177941 0.249758 116 186
P 40 0 0.790651 0.661292 0.922493 0.864024 0.677369 0.946066 59 80
P 41 0 0.376378 0.706574 0.774405 0.449189 0.741246 0.787652 88 54
P 42 0 0.54587 0.662506 0.715394 0.600813 0.718968 0.730331 60 77
P 43 0 0.818469 0.236268 0.15376 0.841052 0.163705 0.183015 89 154
P 44 0 0.447958 0.798953 0.946491 0.372203 0.793262 0.935601 17 39
P 45 0 0.145264 0.313225 0.360912 0.137738 0.279649 0.29507 186 3
P 46 0 0.533643 0.444374 0.784278 0.593363 0.473201 0.735483 142 165
P 47 0 0.77827 0.00690849 0.234585 0.756305 0.0803932 0.252786 132 83
P 48 0 0.840203 0.72897 0.0540813 0.7905 0.689824 0.10305 80 119
P 49 0 0.790886 0.195972 0.224182 0.85985 0.199417 0.270559 89 154
P 50 0 0.317352 0.164598 0.077956 0.24489 0.190978 0.0932511 66 14
P 51 0 0.0691349 0.0624495 0.430663 0.120842 0.0329529 0.380582 126 99
P 52 0 0.90384 1.00948 0.360387 0.932233 0.945554 0.397786 197 53
P 53 0 0.00839841 0.223894 0.326617 0.0452653 0.245666 0.386779 122 76
P 54 0 0.737437 0.65378 0.730828 0.658525 0.675296 0.701291 98 114
P 55 0 0.596245 0.557399 0.743762 0.662691 0.591963 0.719957 167 118
P 56 0 0.521305 0.653119 0.709886 0.462883 0.651009 0.767058 60 54
P 57 0 0.842282 0.0142209 0.214817 0.820516 0.0370071 0.145067 113 83
P 58 0 0.0679431 0.074472 0.402139 0.0375421 0.135791 0.36471 126 55
P 59 0 0.778349 0.177658 0.25619 0.84831 0.177494 0.216817 89 154
P 60 0 0.539464 0.578283 0.693215 0.515905 0.651055 0.708675 127 60
P 61 0 0.663336 0.313312 0.723143 0.693484 0.356959 0.780107 2 199
P 62 0 0.158982 0.0839306 0.528357 0.158982 0.0839306 0.528357 -1 95
P 63 0 0.0290785 0.239725 0.443743 0.0501404 0.218495 0.369015 35 122
P 64 0 0.834324 -0.0174717 0.35328 0.832858 0.0564987 0.327156 132 175
P 65 0 0.866858 0.757531 0.848775 0.859749 0.785699 0.927096 190 196
P 66 0 0.846282 0.17364 0.20737 0.780924 0.18142 0.249615 154 89
P 67 0 0.767742 0.449359 0.875246 0.761792 0.375057 0.855321 71 179
P 68 0 0.811733 0.694349 0.865184 0.792817 0.661996 0.935848 190 59
P 69 0 0.825685 0.246809 0.135337 0.877362 0.303722 0.106614 89 50
P 70 0 0.327972 0.129156 0.23523 0.294451 0.151935 0.169129 104 70
P 71 0 0.559532 0.73588 0.65488 0.595554 0.70731 0.718086 78 77
P 72 0 0.570218 0.67181 0.720853 0.502143 0.659804 0.757825 60 176
P 73 0 1.02027 0.222359 0.33867 0.958173 0.268336 0.35995 122 158
P 74 0 0.264785 0.221877 0.14942 0.302672 0.170155 0.10198 28 66
P 75 0 0.961068 0.262719 0.364924 1.02465 0.221792 0.343123 158 122
P 76 0 0.588467 0.639095 0.676985 0.543646 0.571835 0.66197 114 127
P 77 0 0.813108 -0.00824379 0.308354 0.8652 0.0497735 0.304263 132 150
P 78 0 0.268926 0.182929 0.157207 0.296596 0.254136 0.135386 66 177
P 79 0 0.399392 0.733906 0.151418 0.3188 0.715986 0.150962 58 136
P 80 0 0.247465 0.197095 0.0882003 0.184413 0.224537 0.0624455 14 133
P 81 0 0.378141 0.481565 0.926296 0.388037 0.483508 0.849623 121 160
P 82 0 0.244438 0.99438 0.856218 0.172826 0.963682 0.836295 64 21
P 83 0 0.812853 0.636755 0.817297 0.819752 0.70354 0.862797 41 190
P 84 0 0.137203 0.279964 0.295234 0.145258 0.313246 0.360929 3 186
P 85 0 0.971603 0.879351 0.414553 0.955226 0.924055 0.349541 163 197
P 86 0 0.192666 0.1595 0.234606 0.149206 0.13922 0.170803 186 116
P 87 0 0.880717 0.0413841 0.313144 0.825926 -0.0138188 0.335496 150 132
P 88 0 0.421665 0.74621 0.768507 0.406997 0.713482 0.692176 94 22
P 89 0 0.770633 0.83749 0.245083 0.840236 0.816852 0.273511 109 125
P 90 0 0.839099 0.731362 0.0590877 0.892761 0.681077 0.0845647 80 123
P 91 0 0.291171 0.149165 0.173014 0.314106 0.223344 0.153777 70 177
P 92 0 0.737817 0.655087 0.760949 0.771927 0.719394 0.785033 98 32
P 93 0 0.686274 0.384077 0.708608 0.665651 0.30735 0.719613 165 2
P 94 0 0.365021 0.0821723 0.297336 0.39897 0.0307562 0.249779 178 68
P 95 0 0.657426 0.674728 0.70091 0.686974 0.603915 0.677942 114 118
P 96 0 0.00879336 0.0894447 0.164544 0.0423792 0.157413 0.151502 36 188
P 97 0 0.614051 0.862172 0.886953 0.560945 0.841762 0.945985 7 140
P 98 0 0.717045 0.106921 0.318648 0.700232 0.182872 0.311621 83 65
P 99 0 0.0629132 0.125213 0.281753 0.00327845 0.124261 0.330604 126 55
P 100 0 0.547162 0.958742 0.714194 0.501232 0.917245 0.676076 33 93
P 101 0 0.0262924 0.22158 0.344792 0.085553 0.265197 0.321124 122 76
P 102 0 0.983159 0.905927 0.417427 0.972912 0.979153 0.395234 163 111
P 103 0 0.40572 0.760806 0.831962 0.452028 0.751674 0.892017 88 157
P 104 0 1.00595 0.0878291 0.359705 0.945835 0.0794582 0.311706 99 97
P 105 0 0.647706 0.463437 0.8316 0.673354 0.453677 0.906209 100 164
P 106 0 0.900337 0.882273 0.323168 0.977831 0.886477 0.34477 181 197
P 107 0 0.150354 0.140124 0.170948 0.191736 0.126107 0.0929081 116 133
P 108 0 0.789628 0.827725 0.927915 0.842983 0.765046 0.93718 182 196
P 109 0 0.540585 0.90925 0.791432 0.541533 0.95374 0.722675 152 33
P 110 0 0.252877 0.209952 0.0775839 0.205917 0.268438 0.10646 14 28
P 111 0 0.629147 0.76191 0.714468 0.627283 0.80741 0.782048 78 195
P 112 0 0.0528526 0.275851 0.457012 0.0488954 0.296615 0.382976 35 23
P 113 0 0.213756 0.138686 0.179157 0.222437 0.200528 0.233288 84 66
P 114 0 0.911797 0.849811 0.895793 0.840888 0.881619 0.908482 196 105
P 115 0 0.884341 0.0875304 0.298345 0.836011 0.0397061 0.324309 173 175
P 116 0 0.539955 0.866778 0.653346 0.564307 0.91451 0.596703 93 69
P 117 0 0.512502 0.902557 0.669461 0.548045 0.959527 0.712864 93 33
P 118 0 0.0450282 0.29468 0.380936 0.0590008 0.217349 0.378014 23 122
P 119 0 0.557433 0.85169 0.962919 0.57456 0.928588 0.967916 140 91
P 120 0 0.543714 0.8515 0.78644 0.497624 0.914721 0.788832 176 33
P 121 0 0.184569 0.185761 0.256183 0.204602 0.182864 0.177789 186 116
P 122 0 0.5764 0.914525 0.631596 0.563762 0.835752 0.639372 69 93
P 123 0 0.287124 0.173973 0.0417533 0.292555 0.173985 0.118537 61 66
P 124 0 0.133941 0.207656 0.454132 0.0933061 0.140822 0.435342 122 31
P 125 0 0.827698 0.805893 0.822615 0.90777 0.804421 0.836597 41 190
P 126 0 0.967708 0.903305 0.346906 0.902234 0.871754 0.326901 197 181
P 127 0 0.666268 0.65906 0.936738 0.6576 0.740788 0.933304 137 32
P 128 0 0.967269 0.200444 0.246131 0.95604 0.179677 0.168658 82 141
P 129 0 0.288177 0.061256 0.289898 0.364477 0.0838399 0.297255 107 178
P 130 0 0.705018 0.612796 0.646721 0.73715 0.652792 0.708051 118 98
P 131 0 0.797156 0.8239 0.825534 0.82769 0.881882 0.870984 38 105
P 132 0 0.931124 -0.0146634 0.230683 0.928046 0.0272825 0.297299 72 97
P 133 0 0.828311 0.109373 0.218821 0.838837 0.0272251 0.210378 135 113
P 134 0 0.869107 0.66636 0.923021 0.871715 0.694769 0.849228 80 120
P 135 0 0.969668 0.094563 0.152756 0.979993 0.0136243 0.158057 40 143
P 136 0 0.135855 0.07212 0.420582 0.113945 0.120803 0.48402 12 129
P 137 0 0.896496 0.903572 0.315612 0.925729 0.903965 0.242692 181 125
P 138 0 0.692917 0.162889 0.306996 0.735266 0.0946094 0.288082 65 83
P 139 0 0.0176743 0.252849 0.349499 0.0547275 0.188912 0.31659 102 191
P 140 0 0.96568 0.0884434 0.158108 0.992449 0.0180318 0.147728 40 143
P 141 0 0.196497 0.236545 0.248731 0.257402 0.19786 0.254941 169 84
P 142 0 0.630066 0.78381 0.798445 0.637725 0.769132 0.880454 77 7
P 143 0 0.686724 0.412235 0.892119 0.746028 0.411869 0.842889 142 179
P 144 0 0.969122 0.0937254 0.153488 0.989864 0.0171168 0.149872 40 143
P 145 0 0.730562 0.750333 0.948029 0.762504 0.810356 0.91721 16 119
P 146 0 0.504061 0.872686 0.920836 0.514274 0.937871 0.964195 130 101
P 147 0 0.571536 0.929965 0.970579 0.493409 0.924946 0.983309 91 130
P 148 0 0.57143 0.630292 0.671074 0.546281 0.630751 0.590346 114 167
P 149 0 0.0217394 0.12397 0.198729 0.0233242 0.161881 0.126868 169 36
P 150 0 0.635289 0.795388 0.810607 0.708254 0.791489 0.782182 77 78
P 151 0 0.87151 0.042106 0.26646 0.832538 0.0581988 0.327444 181 175
P 152 0 0.235341 0.195643 0.212171 0.305708 0.170202 0.185146 66 74
P 153 0 0.999296 0.0204543 0.142051 0.941049 0.0506424 0.191166 143 40
P 154 0 0.429496 0.804751 0.878601 0.460718 0.828646 0.814868 88 157
P 155 0 0.40131 0.752655 0.823311 0.455833 0.785377 0.858237 88 157
P 156 0 0.877603 0.694845 0.842978 0.909134 0.755858 0.8025 120 194
P 157 0 0.080943 0.0520108 0.373332 0.0646055 0.108141 0.322256 99 126
P 158 0 0.80919 0.228252 0.263762 0.870168 0.219019 0.31861 189 154
P 159 0 0.218854 0.258206 0.115901 0.180734 0.273991 0.0471401 28 133
P 160 0 0.845465 0.832325 0.056287 0.871107 0.881017 -0.00566279 27 105
P 161 0 0.846534 0.977218 0.379134 0.919023 1.01116 0.401279 132 53
P 162 0 0.219554 0.201619 0.238006 0.278468 0.226422 0.291521 66 84
P 163 0 0.017977 0.121546 0.197653 0.00558308 0.0459171 0.21877 169 72
P 164 0 0.85819 0.0535637 0.300251 0.809609 -0.00672192 0.300945 150 132
P 165 0 0.627015 0.440921 0.725749 0.666616 0.440989 0.660999 165 1
P 166 0 0.882322 0.0916152 0.304577 0.888564 0.0348697 0.363611 173 197
P 167 0 0.767605 0.919271 0.792201 0.698179 0.895782 0.763025 38 182
P 168 0 0.750137 0.03838 0.417205 0.795523 0.0874502 0.367412 62 147
P 169 0 0.839646 0.945724 0.809048 0.833281 0.869501 0.824615 26 41
P 170 0 0.194907 0.152235 0.228637 0.254326 0.188456 0.1811 186 66
P 171 0 0.792508 0.661895 0.933943 0.866744 0.671477 0.933733 59 80
P 172 0 0.190367 0.144505 0.0872141 0.249599 0.202164 0.0840144 133 14
P 173 0 0.0520732 0.330141 0.321432 0.0745618 0.259869 0.339036 3 76
P 174 0 0.869245 0.118062 0.344919 0.811066 0.172533 0.346827 173 175
P 175 0 0.0305706 0.17174 0.390387 0.0851272 0.205 0.33877 31 191
P 176 0 0.0689106 0.216067 0.38808 0.0394355 0.255463 0.449524 122 35
P 177 0 0.827481 0.985505 0.338788 0.76723 0.954707 0.297717 132 192
P 178 0 0.0646749 0.107441 0.323917 0.0591821 0.191269 0.31984 126 191
P 179 0 0.560765 0.97083 0.693699 0.486545 0.936385 0.684698 33 93
P 180 0 0.0461574 0.21901 0.364969 0.000182656 0.197959 0.302269 122 82
P 181 0 0.455421 0.852668 0.929455 0.455434 0.87723 0.852398 88 33
P 182 0 0.717946 0.370043 0.780262 0.640874 0.371162 0.757394 15 2
P 183 0 0.435684 0.816188 0.890739 0.457084 0.878696 0.849912 88 33
P 184 0 0.895857 0.746049 0.840929 0.824843 0.773367 0.821592 161 41
P 185 0 0.119561 0.0335649 0.380349 0.0975216 0.0611294 0.448556 99 12
P 186 0 0.831867 0.853381 0.824108 0.772811 0.902468 0.798074 41 38
P 187 0 0.95549 0.273539 0.355342 0.971184 0.228707 0.288817 158 122
P 188 0 0.840705 0.881623 0.907961 0.793304 0.82499 0.934543 105 182
P 189 0 0.79001 0.108706 0.408925 0.823573 0.105938 0.335537 147 175
P 190 0 0.445769 0.868642 0.86696 0.392689 0.831242 0.824152 33 52
P 191 0 0.144382 0.316084 0.363261 0.0775343 0.315134 0.313597 186 3
P 192 0 0.181306 0.266307 0.0495183 0.152844 0.186692 0.0577382 133 108
P 193 0 0.887329 0.785652 0.0795059 0.871955 0.82738 0.0134537 117 8
P 194 0 0.71826 0.706163 0.722016 0.79138 0.715754 0.759805 114 32
P 195 0 0.834809 0.754978 0.942096 0.797156 0.822123 0.941488 196 182
P 196 0 0.147614 0.0838854 0.648292 0.198453 0.161387 0.681465 73 9
P 197 0 0.647526 0.35403 0.747251 0.651228 0.416212 0.79675 2 199
P 198 0 1.01973 0.143952 0.136193 0.973015 0.201203 0.175143 36 188
P 199 0 0.0847886 0.164585 0.216769 0.0140963 0.156478 0.24972 169 141
P 200 0 0.579531 0.815199 0.630115 0.646171 0.776471 0.640077 93 0
P 201 0 0.158013 0.0784728 0.404413 0.0895149 0.0479164 0.374889 12 99
P 202 0 0.72667 0.522784 0.885774 0.709878 0.496279 0.814382 164 179
P 203 0 0.621612 0.466279 0.680994 0.662175 0.407194 0.715579 1 165
P 204 0 0.739391 0.660499 0.885645 0.797728 0.693812 0.92776 98 120
P 205 0 0.762903 0.155093 0.295625 0.812145 0.11304 0.252487 89 135
P 206 0 0.252548 0.209169 0.0782301 0.319847 0.163653 0.0738723 14 66
P 207 0 0.708187 0.112906 0.333509 0.660276 0.0737255 0.286363 83 65
P 208 0 0.0471963 0.246602 0.383632 -0.00407601 0.188814 0.36556 76 31
P 209 0 1.00329 0.185184 0.37084 0.941669 0.21725 0.410661 31 115
P 210 0 0.981423 0.0141304 0.156871 1.01397 0.0527379 0.217429 143 72
P 211 0 0.179096 0.203509 0.270765 0.259517 0.200728 0.258614 186 84
P 212 0 0.704203 0.684376 0.776248 0.73074 0.727101 0.838449 146 32
P 213 0 0.0938869 0.319131 0.406714 0.0502572 0.271907 0.455564 23 35
P 214 0 -0.0340001 0.143874 0.408537 0.0357265 0.120233 0.446755 35 166
P 215 0 0.550795 0.560812 0.608562 0.553403 0.620977 0.66482 127 114
P 216 0 0.995497 0.225563 0.313513 0.97054 0.15192 0.331716 122 97
P 217 0 0.799582 0.180107 0.18724 0.854142 0.188572 0.243973 172 154
P 218 0 0.396843 1.01615 0.236121 0.398342 0.980017 0.302274 68 178
P 219 0 0.407507 0.841716 0.866102 0.464925 0.885665 0.838097 52 33
P 220 0 0.112316 0.0653712 0.43776 0.120819 0.126441 0.485207 12 129
P 221 0 0.754709 0.722616 0.807363 0.696976 0.669131 0.78826 32 146
P 222 0 0.0830048 0.191706 0.443533 0.0166772 0.152269 0.437183 82 102
P 223 0 0.986609 0.0389396 0.420293 0.922885 -0.00801703 0.400258 49 53
P 224 0 0.0169805 0.130258 0.143316 0.0845212 0.088258 0.162645 36 116
P 225 0 0.551358 0.623297 0.605934 0.543112 0.572658 0.665961 167 127
P 226 0 0.657257 0.740852 0.933749 0.730209 0.75077 0.949525 32 16
P 227 0 0.350631 0.149728 -0.00068526 0.287438 0.175137 0.0425932 184 61
P 228 0 0.780512 0.180817 0.250668 0.820549 0.111134 0.234985 89 135
P 229 0 0.867182 0.670528 0.931747 0.799401 0.664137 0.976442 80 59
P 230 0 0.718788 0.880445 0.800185 0.759431 0.945651 0.782981 182 38
P 231 0 0.256284 0.2286 0.143217 0.309251 0.255992 0.100947 28 61
P 232 0 0.528013 0.941725 0.743046 0.501307 0.917147 0.676032 33 93
P 233 0 0.853493 0.14992 0.393517 0.823211 0.107866 0.335864 173 175
P 234 0 0.293319 0.196936 0.0583257 0.367324 0.232309 0.0438392 61 11
P 235 0 0.412075 0.844945 0.879034 0.444578 0.802172 0.945166 52 17
P 236 0 0.0660984 0.0930811 0.357987 -0.0111224 0.0959859 0.356602 126 99
P 237 0 0.312306 0.267315 0.109118 0.274113 0.2604 0.035929 61 14
P 238 0 0.598285 0.75037 0.688051 0.593901 0.796472 0.621681 78 93
P 239 0 0.89346 0.920404 0.309639 0.88859 0.866122 0.25608 181 125
P 240 0 0.85693 0.694578 0.864921 0.782097 0.65851 0.869748 120 59
P 241 0 0.679491 0.736692 0.904914 0.681433 0.676899 0.956304 32 137
P 242 0 0.87601 0.230116 0.345814 0.935464 0.209754 0.39666 154 115
P 243 0 0.0217095 0.222172 0.340137 0.101697 0.213769 0.35086 122 191
P 244 0 0.528157 0.941854 0.742828 0.597454 0.930439 0.777635 33 152
P 245 0 0.975354 0.890595 0.345293 0.901365 0.876573 0.325191 197 181
P 246 0 0.562678 0.836864 0.937631 0.607721 0.887046 0.888691 140 7
P 247 0 0.385049 0.136299 0.178332 0.329209 0.148521 0.235754 63 104
P 248 0 0.871918 0.694772 0.849013 0.813244 0.641211 0.817437 120 41
P 249 0 0.488664 0.640645 0.702567 0.537517 0.594739 0.743113 60 96
P 250 0 0.348801 0.0802427 0.262449 0.397412 0.0200588 0.239776 107 68
P 251 0 0.200327 0.134659 0.214196 0.21646 0.20279 0.243069 186 66
P 252 0 0.701637 0.130066 0.220161 0.751055 0.0839407 0.261594 192 83
P 253 0 0.745209 0.860782 0.847824 0.674716 0.882977 0.879708 182 91
P 254 0 0.814988 0.117253 0.179648 0.809503 0.113639 0.257991 113 135
P 255 0 0.904432 0.859568 0.331224 0.969186 0.900848 0.346594 181 197
P 256 0 0.811997 0.878038 0.287151 0.824717 0.801039 0.279105 25 125
P 257 0 0.562069 0.838584 0.940565 0.521829 0.901449 0.921426 140 101
P 258 0 0.841804 0.165134 0.186518 0.816118 0.232833 0.159763 154 89
P 259 0 0.161485 0.260621 0.317691 0.187042 0.230454 0.246026 186 169
P 260 0 0.537659 0.907598 0.058275 0.537659 0.907598 0.058275 -1 140
P 261 0 0.915573 0.854462 0.893522 0.949572 0.852332 0.824154 196 190
P 262 0 0.31276 0.268997 0.110332 0.274936 0.213848 0.156828 61 28
P 263 0 0.802714 0.446543 0.886735 0.738454 0.429553 0.836917 71 179
P 264 0 0.908817 0.77962 0.0568094 0.845831 0.833091 0.0570278 117 27
P 265 0 0.696461 0.373364 0.613477 0.673901 0.436894 0.657763 112 1
P 266 0 0.0423937 0.259958 0.451175 0.0794842 0.2147 0.39882 35 122
P 267 0 0.510986 0.513 0.41507 0.510986 0.513 0.41507 43 -1
P 268 0 0.69851 0.522823 0.805417 0.64232 0.477424 0.833549 179 100
P 269 0 0.635768 0.384313 0.765181 0.691835 0.440143 0.755494 2 15
P 270 0 0.817916 0.254046 0.0813274 0.815686 0.232201 0.160867 172 89
P 271 0 0.727751 0.873774 0.816346 0.751143 0.915498 0.750424 182 26
P 272 0 0.480037 0.899093 0.815329 0.549587 0.878583 0.790482 33 176
P 273 0 0.717964 0.1063 0.317107 0.744707 0.128335 0.392929 83 135
P 274 0 0.313729 0.224006 0.153381 0.240181 0.241337 0.131465 177 28
P 275 0 0.830681 0.881822 0.879482 0.766505 0.844934 0.886221 105 182
P 276 0 0.87898 0.000688576 0.281155 0.81245 0.0221777 0.239936 181 147
P 277 0 0.288417 0.178764 0.0452108 0.354465 0.166883 -0.00632169 61 184
P 278 0 0.00469083 0.144355 0.0702901 0.0157556 0.124152 0.146492 153 36
P 279 0 0.931564 0.94888 0.397963 0.971157 0.878327 0.414442 53 163
P 280 0 0.99377 0.225786 0.311759 0.971283 0.242904 0.382472 122 158
P 281 0 0.856566 0.693526 0.979887 0.856566 0.693526 0.979887 -1 80
P 282 0 0.584152 0.745086 0.675954 0.514405 0.767713 0.699219 78 22
P 283 0 0.932731 1.01326 0.342913 0.9691 0.979884 0.397813 150 111
P 284 0 0.227617 0.157479 0.203226 0.298725 0.155545 0.164069 84 70
P 285 0 0.0443753 0.885967 0.614185 0.0443753 0.885967 0.614185 -1 85
P 286 0 0.843454 0.00979647 0.216327 0.924368 -0.00605787 0.20418 113 143
P 287 0 0.833935 0.258861 0.114274 0.903089 0.299973 0.10767 89 50
P 288 0 0.740689 0.737798 0.905148 0.761121 0.816307 0.908035 16 119
P 289 0 0.956465 1.0053 0.177566 0.913452 0.970959 0.233511 143 72
P 290 0 0.764126 0.652665 0.758938 0.738728 0.658221 0.833157 59 98
P 291 0 0.704265 0.789998 0.778767 0.770014 0.819501 0.761526 78 171
P 292 0 0.0615654 0.123094 0.485973 0.0698229 0.0555086 0.447131 166 126
P 293 0 0.289228 0.147524 0.175314 0.33116 0.179079 0.236581 70 104
P 294 0 0.926527 0.84571 0.339687 0.945157 0.818535 0.407976 103 163
P 295 0 0.73966 0.661424 0.906974 0.738494 0.740515 0.914441 98 16
P 296 0 0.530491 0.790525 0.777338 0.508446 0.734743 0.728117 176 94
P 297 0 0.985549 0.470902 0.711502 0.939952 0.417287 0.672893 145 42
P 298 0 0.775713 0.92389 0.766699 0.713876 0.973818 0.749389 26 152
P 299 0 0.842582 0.764552 0.937421 0.885173 0.78391 1.00035 196 8
P 300 0 0.871044 0.69476 0.84994 0.866944 0.671044 0.932826 120 80
P 301 0 0.739528 0.66097 0.896505 0.762692 0.693359 0.964949 98 120
P 302 0 0.903114 0.0901795 0.405486 0.9611 0.109254 0.351555 53 99
P 303 0 0.712288 0.359124 0.701083 0.698419 0.350038 0.778163 165 199
P 304 0 0.5311 0.85675 0.868938 0.610925 0.874456 0.887812 101 7
P 305 0 0.764855 0.800232 0.932819 0.742874 0.735095 0.895897 119 16
P 306 0 0.806259 0.886347 0.704794 0.739201 0.91142 0.742513 47 26
P 307 0 0.557415 0.851741 0.963006 0.497754 0.90363 0.957827 140 130
P 308 0 0.683913 0.386342 0.70929 0.662989 0.443027 0.662611 165 1
P 309 0 0.864035 0.677347 0.94602 0.802382 0.665106 0.994822 80 59
P 310 0 0.412587 0.773499 0.845433 0.46069 0.828398 0.815117 88 157
P 311 0 1.00198 0.0554934 0.182202 0.98382 0.116282 0.133761 36 40
P 312 0 0.775209 0.894731 0.800778 0.83091 0.842479 0.823766 38 41
P 313 0 0.614948 0.420866 0.653006 0.622315 0.445429 0.727109 112 165
P 314 0 0.868614 0.838368 1.01676 0.85516 0.881335 0.949029 8 105
P 315 0 0.303657 0.331216 0.328238 0.297154 0.251756 0.323965 44 84
P 316 0 0.329699 0.156205 0.235962 0.39137 0.180901 0.283944 104 63
P 317 0 0.829516 0.0624109 0.198368 0.774349 0.0086137 0.226284 113 132
P 318 0 0.715814 0.508712 0.889935 0.703034 0.51226 0.808984 164 179
P 319 0 0.66514 0.418163 0.825291 0.742172 0.420873 0.839848 100 179
P 320 0 0.317959 0.122968 0.196054 0.387453 0.15326 0.218494 74 63
P 321 0 0.959784 0.26521 0.362719 0.949816 0.227093 0.429043 158 115
P 322 0 0.637906 0.378805 0.761919 0.709948 0.391516 0.772675 2 15
P 323 0 0.183803 0.188245 0.258224 0.172838 0.25896 0.284267 186 3
P 324 0 0.453785 0.76724 0.876415 0.446497 0.836173 0.911949 157 88
P 325 0 0.277955 0.112861 0.316884 0.357774 0.104388 0.296262 12 178
P 326 0 0.484908 0.63921 0.701725 0.55451 0.621549 0.665204 60 114
P 327 0 0.726499 0.798311 0.797798 0.729386 0.872558 0.819293 78 182
P 328 0 0.280675 0.266722 0.162856 0.327007 0.200657 0.167327 74 177
P 329 0 0.0195385 0.196498 0.335283 0.0428124 0.145003 0.289815 82 141
P 330 0 0.845861 0.768591 0.935449 0.790763 0.826881 0.929961 196 182
P 331 0 0.991523 -0.0244182 0.382642 0.98324 0.048283 0.415321 111 49
P 332 0 0.978653 0.885111 0.344596 0.960807 0.854526 0.411868 197 163
P 333 0 0.597949 0.554897 0.748996 0.628859 0.612507 0.797754 167 96
P 334 0 0.0627233 0.29085 0.462522 0.0297565 0.238148 0.412053 35 76
P 335 0 0.246148 0.182603 0.235402 0.285036 0.143983 0.180277 84 70
P 336 0 0.127995 0.0698664 0.426318 0.110594 0.118053 0.483442 12 129
P 337 0 0.247789 0.806513 0.302864 0.292293 0.793162 0.375586 136 183
P 338 0 0.911345 -0.0217042 0.283772 0.871587 0.0416788 0.266611 97 181
P 339 0 0.792854 0.877113 0.267762 0.8547 0.83159 0.268297 25 125
P 340 0 0.192004 0.0311356 0.333443 0.206514 0.0776644 0.273251 107 70
P 341 0 0.909935 0.0563004 0.403682 0.93452 0.0122937 0.343938 53 150
P 342 0 0.930532 -0.0151453 0.230778 0.927108 0.0245293 0.296539 72 97
P 343 0 0.903797 0.86309 0.329975 0.887558 0.839597 0.406979 181 103
P 344 0 0.257696 0.221399 0.0681323 0.301107 0.286474 0.0612441 14 131
P 345 0 0.320538 0.0127842 0.23208 0.396662 0.0149063 0.234958 104 68
P 346 0 0.0437342 0.138139 0.205023 -0.0244246 0.171871 0.195935 169 141
P 347 0 0.740489 0.725277 0.825805 0.772479 0.655382 0.810447 32 59
P 348 0 0.187122 0.061286 0.296213 0.21636 0.0952013 0.361834 70 12
P 349 0 0.869678 0.834869 0.0157103 0.899995 0.880442 0.0764094 8 105
P 350 0 0.401839 0.753633 0.824349 0.458788 0.811552 0.832001 88 157
P 351 0 0.572646 0.672738 0.721398 0.553936 0.621252 0.665005 60 114
P 352 0 0.874232 0.655257 0.89978 0.919288 0.671713 0.966541 80 8
P 353 0 0.456743 0.793442 0.850154 0.431026 0.860928 0.814965 157 54
P 354 0 0.900545 0.841634 0.384552 0.922653 0.787618 0.333847 103 174
P 355 0 0.0569397 0.146645 0.208801 0.0892144 0.0919556 0.163237 169 116
P 356 0 0.717625 0.794993 0.790203 0.731887 0.870696 0.823804 78 182
P 357 0 0.845329 0.767936 0.935769 0.88387 0.788194 1.00164 196 8
P 358 0 0.253729 0.117541 0.217347 0.328447 0.136606 0.235431 70 104
P 359 0 0.590646 0.475807 0.736269 0.603278 0.547074 0.765358 165 167
P 360 0 0.0702296 0.0514055 0.456866 0.0311444 0.119725 0.439801 126 166
P 361 0 1.01771 0.256413 0.346391 0.944496 0.244369 0.327894 102 23
P 362 0 0.51525 0.930385 0.762274 0.483535 0.940309 0.686465 33 93
P 363 0 0.905967 0.803313 0.81026 0.932366 0.765676 0.88078 194 161
P 364 0 0.848319 0.71139 0.017281 0.845667 0.653047 0.0724923 80 123
P 365 0 0.853327 0.700542 0.994573 0.920618 0.667339 0.965223 80 8
P 366 0 0.176948 0.223952 0.243138 0.110891 0.19873 0.279568 169 180
P 367 0 0.270554 0.251946 0.0429089 0.310188 0.259464 0.103452 14 61
P 368 0 0.810135 0.241289 0.22514 0.776104 0.174378 0.261922 189 89
P 369 0 0.937088 0.837056 0.583901 0.953966 0.814515 0.505762 155 10
P 370 0 0.699996 0.48821 0.895998 0.687134 0.412149 0.892407 164 142
P 371 0 0.663383 0.399167 0.791962 0.650286 0.419885 0.866449 199 142
P 372 0 0.263144 0.234341 0.0574457 0.2162 0.260305 0.113965 14 28
P 373 0 0.292819 0.219899 0.173669 0.331083 0.177865 0.236548 74 104
P 374 0 0.666517 0.30512 0.718293 0.713117 0.237184 0.72916 2 57
P 375 0 0.628761 0.612488 0.797695 0.618739 0.603146 0.875411 96 137
P 376 0 0.571588 0.920802 0.783911 0.605072 0.914562 0.714329 152 69
P 377 0 0.21126 0.264212 0.11036 0.255558 0.21632 0.072326 28 14
P 378 0 0.741872 0.0901453 0.276998 0.679182 0.12537 0.298314 83 65
P 379 0 0.582227 0.434174 0.818504 0.662301 0.425534 0.826318 142 100
P 380 0 0.721102 0.350669 0.698533 0.707894 0.336751 0.774431 165 199
P 381 0 0.975199 0.199846 0.259656 0.966967 0.205021 0.177204 82 188
P 382 0 0.677399 0.599203 0.694508 0.631492 0.661327 0.691912 118 114
P 383 0 0.960266 0.915676 0.348477 0.98649 0.976548 0.386048 197 111
P 384 0 0.692492 0.900014 0.752771 0.724077 0.837566 0.780423 182 171
P 385 0 0.782064 0.0947235 0.256681 0.760603 0.151733 0.301498 150 89
P 386 0 0.74022 0.66335 0.951351 0.803325 0.665413 1.00064 98 59
P 387 0 0.701555 0.89327 0.769112 0.772254 0.904268 0.797445 182 38
P 388 0 0.76574 0.842065 0.243937 0.816675 0.878264 0.291889 109 25
P 389 0 0.899759 0.106841 0.406373 0.844397 0.168316 0.421579 53 173
P 390 0 0.635496 0.795848 0.81109 0.638288 0.766921 0.8803 77 7
P 391 0 0.738728 0.0309048 0.264017 0.799889 0.0850857 0.266883 192 150
P 392 0 0.107404 0.115437 0.482891 0.127982 0.0698627 0.426328 129 12
P 393 0 0.462554 0.844911 0.798567 0.445251 0.767198 0.793574 157 54
P 394 0 0.761228 0.939851 0.785008 0.717247 0.881592 0.797405 38 182
P 395 0 0.029278 0.191562 0.111431 0.000840367 0.123723 0.075156 36 153
P 396 0 0.0254006 0.172232 0.121485 -0.00203451 0.108319 0.0787891 36 153
P 397 0 0.719192 0.320909 0.769981 0.649746 0.348313 0.743866 199 2
P 398 0 0.772683 0.922855 0.764692 0.71932 0.975847 0.748069 26 152
P 399 0 0.952226 0.929041 0.350174 0.989998 0.921654 0.419128 197 163
