400 
 8.600000
P 0 0 0.961639 0.682324 0.779237 0.938078 0.736484 0.727263 167 8
P 1 0 0.962042 0.636846 0.680835 0.903447 0.654894 0.626142 182 157
P 2 0 0.87277 0.649972 0.907219 0.937886 0.635743 0.861191 183 83
P 3 0 0.945326 0.586999 0.64525 0.886072 0.62026 0.68283 54 164
P 4 0 0.834045 0.571935 0.753227 0.835784 0.619976 0.809786 33 176
P 5 0 0.867033 0.506939 0.87441 0.913505 0.565168 0.897494 22 114
P 6 0 0.714184 0.666253 0.121367 0.769367 0.638087 0.171778 76 112
P 7 0 0.955162 0.526946 0.761238 0.935572 0.58205 0.711634 135 179
P 8 0 0.997504 0.621085 0.880829 0.968278 0.684841 0.838821 92 183
P 9 0 0.917826 0.606677 0.840414 0.945035 0.676355 0.855466 60 183
P 10 0 0.677492 0.667783 0.798736 0.746733 0.710148 0.80622 84 189
P 11 0 0.959603 0.618062 0.803559 0.95 0.554134 0.837372 60 118
P 12 0 0.743118 0.669712 0.928119 0.736534 0.598913 0.893278 97 68
P 13 0 0.919144 0.647749 0.812039 0.845492 0.632176 0.797799 167 176
P 14 0 0.836381 0.6898 0.887121 0.909117 0.663242 0.881189 13 183
P 15 0 0.201961 0.87619 0.827809 0.249746 0.811791 0.828997 31 82
P 16 0 0.784497 0.726679 0.824809 0.859131 0.724896 0.855809 180 13
P 17 0 0.837527 0.581342 0.875039 0.864816 0.509136 0.869045 167 22
P 18 0 0.690099 0.564571 0.877651 0.734375 0.634573 0.867906 197 175
P 19 0 0.955114 0.752918 0.713457 0.932572 0.709759 0.777735 182 120
P 20 0 0.937999 0.682127 0.716201 0.903363 0.66581 0.784574 25 54
P 21 0 0.252364 0.566332 0.315189 0.252364 0.566332 0.315189 -1 194
P 22 0 0.856519 0.639669 0.679538 0.818411 0.651481 0.74363 157 25
P 23 0 0.88084 0.772038 0.413988 0.82266 0.819135 0.425825 196 133
P 24 0 0.76298 0.668453 0.878255 0.79832 0.664966 0.945314 173 175
P 25 0 0.778167 0.600792 0.866404 0.832167 0.615431 0.814252 150 176
P 26 0 0.755405 0.518961 0.909039 0.753692 0.600119 0.90385 176 68
P 27 0 0.807879 0.584907 0.844243 0.756014 0.583185 0.78718 176 33
P 28 0 0.961554 0.645013 0.68313 0.981123 0.702363 0.73065 182 120
P 29 0 0.729948 0.0950453 0.844791 0.665248 0.0636395 0.870974 191 113
P 30 0 0.679375 0.650445 0.878397 0.715388 0.718478 0.910826 97 149
P 31 0 0.374178 0.196285 0.856549 0.404714 0.268539 0.850381 30 40
P 32 0 0.903614 0.615172 0.790546 0.856151 0.568748 0.743609 164 33
P 33 0 0.809025 0.65028 0.881957 0.847911 0.689432 0.936825 84 137
P 34 0 0.719835 0.0827334 0.773868 0.70782 0.154907 0.743703 47 191
P 35 0 0.720904 0.662998 0.910791 0.743515 0.658998 0.840509 97 84
P 36 0 0.729237 0.660897 0.831475 0.718835 0.588546 0.803357 84 33
P 37 0 0.835489 0.571727 0.752599 0.770192 0.611662 0.777762 33 157
P 38 0 0.253437 0.304007 0.835938 0.203821 0.238412 0.834445 28 130
P 39 0 0.927048 0.587308 0.797235 0.938914 0.63592 0.860316 142 83
P 40 0 0.963231 0.749697 0.745068 0.94028 0.682712 0.715678 8 25
P 41 0 0.779085 0.579859 0.777141 0.836579 0.620975 0.808805 33 176
P 42 0 0.934946 0.5867 0.806853 0.865974 0.550257 0.813973 142 96
P 43 0 0.109044 0.9147 0.747636 0.142952 0.946927 0.678687 34 9
P 44 0 0.771348 0.69603 0.808898 0.722674 0.653496 0.776023 189 6
P 45 0 0.411269 0.269152 0.848714 0.33959 0.27037 0.814025 40 28
P 46 0 0.909036 0.588694 0.7753 0.977526 0.588614 0.816951 142 118
P 47 0 0.937455 0.538421 0.846678 0.888176 0.598597 0.866571 118 60
P 48 0 0.770056 0.524411 0.125595 0.840448 0.581283 0.14772 112 103
P 49 0 0.963301 0.61574 0.674903 0.884138 0.620821 0.670953 182 164
P 50 0 0.124607 0.793274 0.659353 0.134719 0.769599 0.582354 58 9
P 51 0 0.842693 0.585545 0.871052 0.784805 0.602306 0.923021 167 68
P 52 0 0.723384 0.663748 0.912726 0.740884 0.659348 0.838844 97 84
P 53 0 0.716173 0.666905 0.854306 0.725754 0.598155 0.886636 173 68
P 54 0 0.956075 0.677797 0.783532 0.941713 0.738393 0.729836 167 8
P 55 0 0.929845 0.609953 0.829811 0.905647 0.661975 0.883673 60 183
P 56 0 0.916113 0.606211 0.841925 0.905317 0.558296 0.903133 60 114
P 57 0 0.88154 0.647786 0.651068 0.934398 0.607522 0.681533 157 54
P 58 0 0.962678 0.682797 0.842831 0.973385 0.621818 0.791401 183 60
P 59 0 0.71739 0.661936 0.90805 0.701668 0.596462 0.871795 97 68
P 60 0 0.999515 0.696245 0.81645 0.942377 0.718463 0.865446 183 137
P 61 0 0.942907 0.581307 0.721986 0.89964 0.616325 0.766143 179 164
P 62 0 0.656568 0.700895 0.804332 0.637723 0.637854 0.845905 51 97
P 63 0 0.793451 0.566775 0.862059 0.818578 0.627481 0.905554 176 150
P 64 0 0.788616 0.560698 0.86803 0.852466 0.588866 0.898073 176 60
P 65 0 0.912407 0.564247 0.89825 0.920078 0.607291 0.838428 114 60
P 66 0 0.826687 0.632837 0.91341 0.863249 0.602271 0.855184 150 167
P 67 0 0.903664 0.615158 0.790851 0.869642 0.591727 0.727326 164 142
P 68 0 0.703326 0.657685 0.89708 0.703648 0.706217 0.83159 97 51
P 69 0 0.363764 0.264711 0.860799 0.33962 0.335674 0.851441 40 158
P 70 0 0.742811 0.571917 0.843685 0.778987 0.579873 0.777184 6 33
P 71 0 0.860604 0.554666 0.811102 0.899833 0.601774 0.856287 96 60
P 72 0 0.82364 0.585017 0.791336 0.791377 0.644553 0.74983 96 25
P 73 0 0.834023 0.578491 0.877744 0.836108 0.620383 0.809386 167 176
P 74 0 0.966972 0.623843 0.759206 0.960486 0.662915 0.688161 187 182
P 75 0 0.905224 0.614705 0.800433 0.931964 0.634721 0.866228 164 83
P 76 0 0.890464 0.690035 0.827399 0.905003 0.614769 0.799077 54 164
P 77 0 0.520489 0.443094 0.189474 0.512255 0.363621 0.181742 124 69
P 78 0 0.72753 0.732841 0.0172328 0.723867 0.778502 0.0945106 70 55
P 79 0 0.569814 0.65335 0.88862 0.610998 0.629776 0.825059 16 97
P 80 0 0.738553 0.589166 0.829378 0.706429 0.663932 0.817045 6 84
P 81 0 0.820383 0.667905 0.814235 0.781699 0.642073 0.75205 189 25
P 82 0 0.89241 0.676243 0.977082 0.881538 0.653173 0.900939 150 183
P 83 0 0.788106 0.686418 0.810722 0.822094 0.652425 0.742785 189 25
P 84 0 0.719233 0.707979 0.840613 0.723513 0.629411 0.854757 51 175
P 85 0 0.927825 0.587248 0.798181 0.895188 0.52627 0.829594 142 96
P 86 0 0.923328 0.587594 0.792705 0.900306 0.562382 0.724397 142 33
P 87 0 0.774073 0.542422 0.885987 0.792268 0.602831 0.92762 176 68
P 88 0 0.888692 0.622972 0.835545 0.934843 0.583077 0.882798 167 114
P 89 0 0.784476 0.604959 0.872517 0.769096 0.536166 0.892133 150 176
P 90 0 0.691222 0.568556 0.88137 0.732132 0.633507 0.865191 197 175
P 91 0 0.917128 0.568209 0.894999 0.87858 0.495501 0.902347 114 22
P 92 0 0.751073 0.705851 0.905756 0.71412 0.707401 0.837653 166 51
P 93 0 0.795717 0.577461 0.769904 0.811082 0.649603 0.745311 33 25
P 94 0 0.346691 0.188085 0.857146 0.357162 0.203161 0.781375 30 156
P 95 0 0.93955 0.664352 0.796288 1.00216 0.619468 0.798678 167 118
P 96 0 0.75086 0.65802 0.845156 0.673625 0.648707 0.873911 84 97
P 97 0 0.928513 0.55084 0.757751 0.897967 0.61681 0.755869 78 164
P 98 0 0.697069 0.5893 0.900727 0.719873 0.662686 0.909987 197 97
P 99 0 0.97721 0.771948 0.336237 0.939134 0.79497 0.272319 59 141
P 100 0 0.84603 0.593545 0.698571 0.920196 0.583607 0.689934 142 179
P 101 0 0.861642 0.724463 0.807488 0.840317 0.695871 0.881704 115 13
P 102 0 0.85673 0.221446 0.442326 0.896128 0.267264 0.390314 134 66
P 103 0 0.900413 0.616101 0.770891 0.842712 0.657708 0.738056 164 25
P 104 0 0.929402 0.587126 0.800102 0.928541 0.527255 0.853291 142 118
P 105 0 0.846789 0.633807 0.796196 0.886049 0.590464 0.747306 176 142
P 106 0 0.844121 0.70174 0.876468 0.914835 0.665329 0.877094 13 183
P 107 0 0.965539 0.704737 0.745763 0.985348 0.632904 0.755411 120 187
P 108 0 0.0745296 0.294682 0.625993 0.0985771 0.373424 0.641358 72 90
P 109 0 0.822397 0.586037 0.790672 0.884274 0.590601 0.745145 96 142
P 110 0 0.820293 0.580098 0.926455 0.807212 0.584068 0.845067 60 176
P 111 0 0.853841 0.592943 0.708084 0.8556 0.661011 0.7351 142 25
P 112 0 0.826825 0.608717 0.820848 0.872419 0.594303 0.880471 176 60
P 113 0 0.939993 0.636106 0.859398 0.946638 0.670119 0.790817 83 167
P 114 0 0.137844 0.8369 0.618915 0.081267 0.786102 0.606453 9 58
P 115 0 0.804947 0.193653 0.592042 0.806369 0.114867 0.578398 109 177
P 116 0 0.727841 0.667291 0.860276 0.775972 0.654344 0.918261 173 175
P 117 0 0.845913 0.632706 0.797278 0.774673 0.640272 0.753662 176 25
P 118 0 0.806465 0.643646 0.928296 0.745839 0.640022 0.881783 13 175
P 119 0 0.880018 0.587676 0.63323 0.801895 0.596942 0.644824 179 142
P 120 0 0.711069 0.700511 0.737029 0.677915 0.667727 0.799004 6 84
P 121 0 0.711997 0.143606 0.762787 0.717231 0.0698669 0.796269 191 47
P 122 0 0.896727 0.53923 0.770089 0.905622 0.61459 0.802876 78 164
P 123 0 0.967767 0.57639 0.824191 0.944205 0.556571 0.75166 118 78
P 124 0 0.976587 0.628584 0.75722 0.960774 0.658086 0.686804 187 182
P 125 0 0.991704 0.630798 0.843636 0.939408 0.664236 0.796397 114 167
P 126 0 0.911521 0.66412 0.879467 0.855654 0.719533 0.860594 183 13
P 127 0 0.879469 0.59097 0.739293 0.848498 0.635954 0.794087 142 176
P 128 0 0.942982 0.636622 0.856857 0.928818 0.587171 0.799391 83 142
P 129 0 0.806068 0.582631 0.846479 0.828849 0.58243 0.918907 176 60
P 130 0 0.950239 0.615511 0.81182 0.902684 0.667086 0.78683 60 54
P 131 0 0.875501 0.289376 0.454252 0.903708 0.22073 0.427301 134 188
P 132 0 0.5658 0.355576 0.0740984 0.646436 0.354685 0.100787 17 61
P 133 0 0.964149 0.563856 0.743918 0.923548 0.6279 0.717557 78 54
P 134 0 0.982839 0.595269 0.813009 0.939293 0.586811 0.879733 118 114
P 135 0 0.726268 0.708774 0.844686 0.679158 0.667561 0.79979 51 84
P 136 0 0.804089 0.617912 0.891517 0.87783 0.595778 0.875697 150 60
P 137 0 0.848167 0.587694 0.901865 0.886753 0.621394 0.837041 60 167
P 138 0 0.845426 0.703753 0.874672 0.839748 0.641463 0.926063 13 150
P 139 0 0.784966 0.556111 0.872536 0.857986 0.59037 0.893204 176 60
P 140 0 0.874149 0.594775 0.878945 0.85403 0.560064 0.807586 60 96
P 141 0 0.92636 0.652318 0.675398 0.946165 0.585424 0.642466 151 54
P 142 0 0.948294 0.614981 0.813535 0.963577 0.683901 0.777741 60 167
P 143 0 0.886208 0.564414 0.730531 0.91833 0.6377 0.734881 33 54
P 144 0 0.723978 0.648212 0.780406 0.736943 0.715764 0.805154 6 189
P 145 0 0.949601 0.707165 0.76122 0.960062 0.670021 0.690159 120 182
P 146 0 0.56745 0.357039 0.249632 0.513668 0.339341 0.190461 124 69
P 147 0 0.530533 0.599826 0.81762 0.608763 0.589932 0.814549 16 68
P 148 0 0.842341 0.569661 0.801336 0.833686 0.578217 0.878004 96 167
P 149 0 0.896349 0.600825 0.85936 0.920426 0.587817 0.789171 60 142
P 150 0 0.115478 0.0843252 0.602146 0.115478 0.0843252 0.602146 -1 73
P 151 0 0.930043 0.615702 0.695993 0.886039 0.668812 0.728119 54 25
P 152 0 0.220053 0.815345 0.841182 0.178873 0.888034 0.835708 82 34
P 153 0 0.797458 0.65182 0.874638 0.873689 0.650308 0.90656 84 183
P 154 0 0.877499 0.540794 0.820136 0.917173 0.6065 0.84099 96 60
P 155 0 0.834598 0.618486 0.81125 0.781809 0.579466 0.775956 176 33
P 156 0 0.966122 0.609328 0.861255 0.926954 0.587315 0.79712 114 142
P 157 0 0.853048 0.589024 0.89756 0.785004 0.556159 0.87249 60 176
P 158 0 0.690267 0.653737 0.886893 0.697486 0.665122 0.811387 97 84
P 159 0 0.829019 0.611474 0.818139 0.890192 0.599147 0.864792 176 60
P 160 0 0.582842 0.754688 0.729308 0.624742 0.780118 0.792943 42 189
P 161 0 0.78106 0.551203 0.877359 0.85127 0.592524 0.864431 176 167
P 162 0 0.803485 0.677598 0.812396 0.838206 0.692615 0.884609 189 13
P 163 0 0.872031 0.665529 0.765028 0.89646 0.589662 0.759984 176 142
P 164 0 0.801661 0.636235 0.934908 0.744994 0.599508 0.898491 13 68
P 165 0 0.957535 0.617499 0.805384 0.978677 0.688637 0.831373 60 183
P 166 0 0.817737 0.597296 0.83207 0.743004 0.571133 0.844335 176 6
P 167 0 0.315285 0.243971 0.660634 0.301749 0.318865 0.639571 38 2
P 168 0 0.734995 0.60358 0.817424 0.704157 0.666508 0.848158 6 173
P 169 0 0.709442 0.568874 0.0974064 0.769677 0.586954 0.151005 76 112
P 170 0 0.718723 0.125412 0.793511 0.726239 0.11437 0.718787 191 47
P 171 0 0.87407 0.591386 0.732718 0.886209 0.668855 0.72808 142 25
P 172 0 0.702131 0.170298 0.717712 0.734702 0.156178 0.645996 191 47
P 173 0 0.848882 0.620383 0.936893 0.79333 0.610806 0.881095 83 150
P 174 0 0.522721 0.615731 0.134708 0.594257 0.609234 0.0879115 185 85
P 175 0 0.915685 0.588182 0.783397 0.901722 0.602289 0.85462 142 60
P 176 0 0.778815 0.655696 0.921702 0.78183 0.683916 0.995764 175 85
P 177 0 0.808486 0.620816 0.895777 0.748921 0.667988 0.871062 150 173
P 178 0 0.965096 0.683679 0.841099 0.899728 0.672636 0.796641 183 54
P 179 0 0.97749 0.629029 0.757034 0.910366 0.652658 0.761324 187 54
P 180 0 0.72212 0.628748 0.853071 0.646345 0.64046 0.852631 175 97
P 181 0 0.915955 0.642162 0.742768 0.885637 0.620387 0.680157 54 164
P 182 0 0.962824 0.623734 0.67715 0.929285 0.679894 0.7182 182 25
P 183 0 0.938503 0.586148 0.880277 0.952041 0.616002 0.81023 114 60
P 184 0 0.94374 0.590543 0.87667 0.902332 0.63407 0.825016 114 167
P 185 0 0.82325 0.630567 0.910081 0.771752 0.65524 0.858375 150 84
P 186 0 0.899007 0.672135 0.725145 0.838847 0.633936 0.699645 25 157
P 187 0 0.256314 0.771758 0.216723 0.326371 0.779273 0.174874 116 122
P 188 0 0.528237 0.91946 0.617722 0.556001 0.919002 0.545117 5 95
P 189 0 0.989096 0.449165 0.879807 0.939202 0.462388 0.820333 96 153
P 190 0 0.827851 0.663622 0.815048 0.900865 0.670501 0.792866 189 54
P 191 0 0.906418 0.637394 0.821862 0.968935 0.611689 0.859317 167 114
P 192 0 0.261684 0.504737 0.437768 0.223481 0.57288 0.46444 159 19
P 193 0 0.980263 0.702494 0.731483 0.973154 0.626891 0.757929 120 187
P 194 0 0.92022 0.634151 0.728607 0.954563 0.706409 0.756407 54 120
P 195 0 0.936984 0.681867 0.716434 0.974272 0.627442 0.757698 25 187
P 196 0 0.716202 0.666906 0.854321 0.746502 0.670736 0.930759 173 97
P 197 0 0.903451 0.615219 0.789547 0.940973 0.636275 0.858565 164 83
P 198 0 0.46863 0.394139 0.626916 0.497443 0.379959 0.555976 89 110
P 199 0 0.836038 0.580131 0.876188 0.865776 0.508184 0.87137 167 22
P 200 0 0.938988 0.581704 0.716456 0.863763 0.56765 0.740297 179 33
P 201 0 0.718363 0.666977 0.855426 0.687876 0.595493 0.863297 173 68
P 202 0 0.887382 0.590361 0.748929 0.857778 0.661569 0.734601 142 25
P 203 0 0.956505 0.746164 0.740307 0.957204 0.678716 0.78266 8 167
P 204 0 0.982837 0.537364 0.744984 0.913029 0.560548 0.718861 135 33
P 205 0 0.958488 0.705811 0.752601 0.999607 0.639935 0.752466 120 187
P 206 0 0.271906 0.830463 0.88969 0.202204 0.817482 0.848507 125 82
P 207 0 0.648827 0.592748 0.839236 0.719423 0.588461 0.803101 68 33
P 208 0 0.863405 0.602397 0.855064 0.784914 0.605248 0.872941 167 150
P 209 0 0.840782 0.696589 0.881063 0.80924 0.674297 0.813022 13 189
P 210 0 0.747796 0.55172 0.860437 0.814845 0.562887 0.892547 6 167
P 211 0 0.926172 0.608952 0.833052 0.894758 0.6283 0.897873 60 83
P 212 0 0.928326 0.634093 0.869322 0.933831 0.586785 0.805495 83 142
P 213 0 0.910123 0.56233 0.899823 0.881344 0.492762 0.909035 114 22
P 214 0 0.929971 0.582617 0.703729 0.859086 0.568325 0.742332 179 33
P 215 0 0.866778 0.605142 0.85246 0.805496 0.618841 0.892881 167 150
P 216 0 0.913673 0.565309 0.897378 0.929864 0.609958 0.829795 114 60
P 217 0 0.915346 0.643305 0.744789 0.925239 0.583096 0.697051 54 179
P 218 0 0.859111 0.64051 0.676588 0.92483 0.625493 0.7133 157 54
P 219 0 0.809542 0.106582 0.57366 0.903979 0.119438 0.575002 177 88
P 220 0 0.869585 0.662455 0.768048 0.812968 0.62554 0.72909 176 157
P 221 0 0.928068 0.651521 0.67336 0.965161 0.584575 0.666144 151 182
P 222 0 0.820184 0.600371 0.829049 0.741487 0.57728 0.839237 176 6
P 223 0 0.833415 0.685223 0.891203 0.771039 0.652 0.912289 13 175
P 224 0 0.900367 0.672483 0.724833 0.858067 0.64798 0.782271 25 176
P 225 0 0.98012 0.591863 0.815027 0.91208 0.605112 0.845483 118 60
P 226 0 0.904503 0.614914 0.796007 0.974637 0.627622 0.757623 164 187
P 227 0 0.897421 0.630074 0.828807 0.933424 0.581886 0.883775 167 114
P 228 0 0.930931 0.650186 0.669944 0.888102 0.710231 0.691887 151 8
P 229 0 0.935631 0.661163 0.799313 1.00717 0.699039 0.81097 167 183
P 230 0 0.970949 0.613379 0.85793 0.90656 0.614318 0.808635 114 164
P 231 0 0.135303 0.861089 0.662187 0.136606 0.810246 0.604435 65 9
P 232 0 0.874085 0.624733 0.915457 0.90255 0.555974 0.905039 83 114
P 233 0 0.665535 0.646261 0.867601 0.692595 0.573426 0.885914 97 197
P 234 0 0.752079 0.240538 0.603759 0.724945 0.162659 0.59133 109 131
P 235 0 0.813546 0.574891 0.762147 0.844244 0.630608 0.799339 33 176
P 236 0 0.666811 0.594012 0.850317 0.740081 0.582975 0.834514 68 6
P 237 0 0.725358 0.708672 0.844159 0.697922 0.656051 0.892864 51 97
P 238 0 0.829047 0.582484 0.918732 0.807935 0.584977 0.844174 60 176
P 239 0 0.898798 0.601492 0.8572 0.865363 0.623228 0.922875 60 83
P 240 0 0.813937 0.649627 0.885065 0.861552 0.591342 0.890058 84 60
P 241 0 0.729748 0.632374 0.862305 0.739474 0.58557 0.794376 175 33
P 242 0 0.903771 0.615127 0.791513 0.83295 0.616415 0.813285 164 176
P 243 0 0.733483 0.598699 0.891398 0.712055 0.666769 0.852199 68 173
P 244 0 0.838253 0.571328 0.751397 0.846099 0.632939 0.797049 33 176
P 245 0 0.959478 0.679808 0.692909 0.95503 0.745389 0.739263 182 8
P 246 0 0.856825 0.646419 0.783804 0.848366 0.56987 0.746996 176 33
P 247 0 0.859063 0.514834 0.855128 0.812651 0.561102 0.894241 22 167
P 248 0 0.987161 0.701443 0.724793 0.910644 0.675117 0.722476 120 25
P 249 0 0.945549 0.586581 0.644512 0.925653 0.558727 0.713368 54 33
P 250 0 0.368734 0.258991 0.806612 0.383053 0.198933 0.856357 28 30
P 251 0 0.814517 0.593249 0.836046 0.73986 0.583872 0.833769 176 6
P 252 0 0.776417 0.599636 0.864709 0.76423 0.582001 0.783605 150 33
P 253 0 0.741028 0.599229 0.896047 0.758669 0.523063 0.905008 68 176
P 254 0 0.876713 0.665876 0.961875 0.896554 0.62861 0.896346 150 83
P 255 0 0.891055 0.590078 0.753403 0.904965 0.662801 0.779255 142 54
P 256 0 0.852642 0.59364 0.863372 0.849757 0.620534 0.936149 167 83
P 257 0 0.803684 0.304233 0.297206 0.848755 0.248066 0.348206 24 66
P 258 0 0.553333 0.630894 0.858832 0.49923 0.686643 0.866916 16 99
P 259 0 0.904755 0.614841 0.797554 0.973557 0.583642 0.819896 164 118
P 260 0 0.808541 0.650345 0.881651 0.83386 0.685113 0.947442 84 137
P 261 0 0.263237 0.211407 0.338477 0.291579 0.24946 0.274208 181 160
P 262 0 0.977265 0.628918 0.75708 0.961339 0.648626 0.684145 187 182
P 263 0 0.866038 0.550204 0.814007 0.902037 0.61563 0.780863 96 164
P 264 0 0.58232 0.83814 0.915351 0.559772 0.846725 0.832311 171 99
P 265 0 0.962998 0.570416 0.827729 0.906175 0.614429 0.806272 118 164
P 266 0 0.860706 0.600202 0.857147 0.903843 0.615106 0.791952 167 164
P 267 0 0.667976 0.48608 0.80441 0.743094 0.46562 0.819035 197 41
P 268 0 0.857079 0.652909 0.942854 0.856553 0.58998 0.894467 150 60
P 269 0 0.896492 0.629318 0.829525 0.952159 0.59761 0.870871 167 114
P 270 0 0.491543 0.276656 0.828292 0.44252 0.230182 0.787845 40 28
P 271 0 0.974076 0.728205 0.841495 0.949484 0.672434 0.78862 137 167
P 272 0 0.987103 0.622204 0.888165 0.923105 0.573225 0.890882 92 114
P 273 0 0.837112 0.690927 0.886115 0.772713 0.652795 0.914315 13 175
P 274 0 0.727832 0.631464 0.859986 0.726317 0.70878 0.844714 175 51
P 275 0 0.829491 0.612068 0.817556 0.842105 0.570773 0.749721 176 33
P 276 0 0.754898 0.644328 0.89275 0.677575 0.649901 0.876992 175 97
P 277 0 0.958904 0.689428 0.695613 0.927323 0.620811 0.705024 182 54
P 278 0 0.684209 0.74601 0.799415 0.654477 0.730065 0.871167 189 149
P 279 0 0.959325 0.680441 0.781023 0.991215 0.733472 0.828545 167 137
P 280 0 0.903913 0.661342 0.884916 0.848564 0.708594 0.870353 183 13
P 281 0 0.7662 0.638101 0.755605 0.781169 0.690397 0.809967 25 189
P 282 0 0.898385 0.616689 0.758435 0.93679 0.553863 0.754538 164 78
P 283 0 0.902985 0.556339 0.90474 0.891167 0.483033 0.932799 114 22
P 284 0 0.850101 0.56329 0.805486 0.902078 0.615618 0.781113 96 164
P 285 0 0.90372 0.615142 0.791194 0.902237 0.541243 0.76795 164 78
P 286 0 0.925674 0.587413 0.795562 0.945136 0.591715 0.875709 142 114
P 287 0 0.891483 0.688122 0.824017 0.891234 0.656713 0.893995 54 183
P 288 0 0.959854 0.67351 0.691139 0.949635 0.742555 0.735443 182 8
P 289 0 0.934537 0.660273 0.800157 0.994995 0.610496 0.803991 167 118
P 290 0 0.444641 0.788927 0.476168 0.428185 0.815959 0.550787 95 5
P 291 0 0.946793 0.557516 0.750656 0.896108 0.617349 0.744456 78 164
P 292 0 0.974357 0.627484 0.757681 0.933944 0.586777 0.805633 187 142
P 293 0 0.74535 0.561628 0.852219 0.814874 0.593697 0.835606 6 176
P 294 0 0.73137 0.660614 0.832825 0.674204 0.702888 0.814542 84 51
P 295 0 0.76567 0.668542 0.879631 0.695379 0.683409 0.902646 173 166
P 296 0 0.75911 0.710161 0.939294 0.835303 0.685557 0.946351 149 137
P 297 0 0.841473 0.657391 0.73834 0.783791 0.616074 0.762288 25 157
P 298 0 0.354429 0.313311 0.812913 0.333009 0.261836 0.868623 158 40
P 299 0 0.977987 0.688385 0.831868 0.968871 0.620588 0.795383 183 60
P 300 0 0.952199 0.638213 0.849017 0.926687 0.587335 0.796795 83 142
P 301 0 0.513977 0.640226 0.683821 0.580246 0.618309 0.643416 94 140
P 302 0 0.747074 0.658524 0.84276 0.784972 0.605286 0.872997 84 150
P 303 0 0.923654 0.627702 0.717207 0.856033 0.592775 0.710753 54 142
P 304 0 0.368173 0.265123 0.859677 0.362321 0.301394 0.792383 40 158
P 305 0 0.829232 0.592818 0.561555 0.782814 0.598411 0.621586 179 142
P 306 0 0.96467 0.564046 0.743716 0.888098 0.590306 0.749802 78 142
P 307 0 0.869616 0.59354 0.882944 0.799857 0.574826 0.854148 60 176
P 308 0 0.914372 0.645134 0.748024 0.921902 0.583434 0.692341 54 179
P 309 0 0.942931 0.636613 0.8569 0.994537 0.609921 0.804331 83 118
P 310 0 0.825073 0.653188 0.742102 0.868366 0.591825 0.725772 25 142
P 311 0 0.735561 0.635137 0.869342 0.813909 0.64963 0.885047 175 84
P 312 0 0.982154 0.631329 0.75607 0.961414 0.647359 0.68379 187 182
P 313 0 0.982638 0.62434 0.783239 0.916055 0.588154 0.783848 60 142
P 314 0 0.988044 0.762731 0.762632 0.926364 0.710705 0.783756 8 120
P 315 0 0.966804 0.704544 0.744536 0.960705 0.659239 0.687128 120 182
P 316 0 0.955704 0.706235 0.755301 0.898494 0.71569 0.699243 120 8
P 317 0 0.884469 0.620725 0.672985 0.962088 0.636074 0.680618 164 182
P 318 0 0.862113 0.653064 0.777275 0.790335 0.644286 0.750069 176 25
P 319 0 0.901604 0.672801 0.724549 0.939187 0.737067 0.728048 25 8
P 320 0 0.942977 0.636621 0.85686 0.980034 0.62363 0.785536 83 60
P 321 0 0.77589 0.693425 0.809393 0.718825 0.669087 0.763092 189 6
P 322 0 0.897886 0.616834 0.755371 0.930438 0.558038 0.711286 164 33
P 323 0 0.997234 0.780113 0.358526 0.997234 0.780113 0.358526 59 -1
P 324 0 0.800916 0.576157 0.852841 0.822605 0.580728 0.924416 176 60
P 325 0 0.753785 0.668149 0.873551 0.826224 0.674129 0.901101 173 13
P 326 0 0.968581 0.620509 0.795639 0.908607 0.655961 0.767162 60 54
P 327 0 0.873182 0.666975 0.763606 0.824201 0.629184 0.71631 176 157
P 328 0 0.935495 0.681486 0.716776 0.934447 0.607432 0.681372 25 54
P 329 0 0.799503 0.614883 0.887074 0.825895 0.607547 0.821998 150 176
P 330 0 0.726557 0.667248 0.859619 0.677446 0.725695 0.886122 173 149
P 331 0 0.848523 0.590289 0.866551 0.781784 0.552113 0.876465 167 176
P 332 0 0.670025 0.647618 0.871103 0.72285 0.694479 0.90418 97 166
P 333 0 0.897522 0.589581 0.761278 0.818583 0.574164 0.759955 142 33
P 334 0 0.870194 0.593697 0.882434 0.803616 0.579549 0.849508 60 176
P 335 0 0.738066 0.59114 0.827741 0.748905 0.64148 0.885496 6 175
P 336 0 0.909032 0.639521 0.819844 0.964403 0.607885 0.862439 167 114
P 337 0 1.00162 0.618792 0.799078 0.94603 0.637148 0.854264 118 83
P 338 0 0.780471 0.656483 0.923707 0.778606 0.601081 0.866829 175 150
P 339 0 0.974043 0.627329 0.757746 0.95396 0.706501 0.756993 187 120
P 340 0 0.939864 0.682605 0.715774 0.953474 0.63967 0.643044 25 151
P 341 0 0.958668 0.564993 0.830941 0.911135 0.588533 0.777856 118 142
P 342 0 0.833896 0.655449 0.740078 0.87381 0.591406 0.732401 25 142
P 343 0 0.611653 0.874825 0.547782 0.575833 0.942167 0.557396 3 95
P 344 0 0.889504 0.563939 0.729097 0.917359 0.639524 0.738105 33 54
P 345 0 0.40908 0.822442 0.160346 0.434001 0.892371 0.193947 122 169
P 346 0 0.759188 0.710146 0.939345 0.821436 0.666742 0.907691 149 13
P 347 0 0.616462 0.696361 0.781111 0.657972 0.761058 0.796559 51 189
P 348 0 0.879258 0.587753 0.632157 0.908821 0.656637 0.620026 179 157
P 349 0 0.938178 0.708905 0.772298 0.957647 0.710476 0.701528 120 182
P 350 0 0.911515 0.650499 0.757507 0.869569 0.591733 0.727237 54 142
P 351 0 0.951476 0.555983 0.836277 0.90644 0.614353 0.807897 118 164
P 352 0 0.692296 0.65435 0.888476 0.691732 0.570366 0.883059 97 197
P 353 0 0.76854 0.611126 0.779641 0.795228 0.682333 0.811498 157 189
P 354 0 0.941812 0.593599 0.656919 0.878993 0.64696 0.653966 54 157
P 355 0 0.76352 0.656336 0.853166 0.749263 0.67157 0.932913 84 97
P 356 0 0.965739 0.57385 0.825695 0.963482 0.622121 0.759927 118 187
P 357 0 0.962647 0.62171 0.760099 0.929916 0.609972 0.829749 187 60
P 358 0 0.769253 0.638883 0.754905 0.734598 0.605187 0.81609 25 6
P 359 0 0.861831 0.662608 0.733671 0.884092 0.620835 0.670668 25 164
P 360 0 0.85976 0.514143 0.856814 0.902951 0.55631 0.904763 22 114
P 361 0 0.799679 0.67978 0.811982 0.826037 0.653435 0.741881 189 25
P 362 0 0.895507 0.589736 0.758824 0.937104 0.611931 0.823408 142 60
P 363 0 0.879484 0.667132 0.729622 0.811345 0.625013 0.730937 25 157
P 364 0 0.963444 0.705056 0.747795 0.907391 0.658245 0.7712 120 54
P 365 0 0.950867 0.559004 0.749074 0.981951 0.624153 0.783844 78 60
P 366 0 0.765779 0.734801 0.816676 0.693882 0.705113 0.825936 180 51
P 367 0 0.881069 0.616769 0.841429 0.922157 0.57243 0.891535 167 114
P 368 0 0.331863 0.192238 0.786795 0.370528 0.258291 0.806156 156 28
P 369 0 0.963644 0.571225 0.82725 0.904196 0.615003 0.794118 118 164
P 370 0 0.712355 0.628681 0.112122 0.769449 0.624561 0.166283 76 112
P 371 0 0.882187 0.53392 0.775733 0.920363 0.55949 0.715669 78 33
P 372 0 0.786479 0.720119 0.907733 0.799997 0.651482 0.876245 166 84
P 373 0 0.949926 0.672794 0.788278 0.941219 0.636318 0.858356 167 83
P 374 0 0.935517 0.611498 0.824808 0.978314 0.629435 0.756863 60 187
P 375 0 0.912956 0.642714 0.816816 0.983877 0.624677 0.782146 167 60
P 376 0 0.892588 0.61837 0.722839 0.929745 0.55129 0.757273 164 78
P 377 0 1.003 0.640275 0.835859 0.932744 0.671868 0.864268 114 183
P 378 0 0.711605 0.589588 0.806502 0.69467 0.665497 0.809605 33 84
P 379 0 0.940054 0.682654 0.71573 0.967112 0.751736 0.747815 25 8
P 380 0 0.890247 0.619049 0.708466 0.870594 0.663722 0.766803 164 176
P 381 0 0.933695 0.635019 0.864755 0.978033 0.589249 0.816575 83 118
P 382 0 0.911431 0.641473 0.817993 0.897424 0.589588 0.761159 167 142
P 383 0 0.878909 0.539636 0.820889 0.803111 0.522562 0.825966 96 41
P 384 0 0.894089 0.589845 0.757098 0.930662 0.61454 0.693939 142 54
P 385 0 0.959964 0.620387 0.760653 0.887794 0.59033 0.749431 187 142
P 386 0 0.876071 0.612703 0.845287 0.88246 0.53672 0.822788 167 96
P 387 0 0.902243 0.589217 0.767028 0.911979 0.605084 0.845572 142 60
P 388 0 0.870703 0.66386 0.766668 0.824137 0.629163 0.716382 176 157
P 389 0 0.759306 0.668332 0.876375 0.834347 0.686662 0.88992 173 13
P 390 0 0.914759 0.644407 0.746738 0.961105 0.652536 0.685244 54 182
P 391 0 0.921289 0.711982 0.88138 0.878056 0.651902 0.903433 137 183
P 392 0 0.919524 0.711747 0.79039 0.967277 0.751822 0.747932 120 8
P 393 0 0.58484 0.850462 0.908558 0.564325 0.79568 0.85268 171 42
P 394 0 0.967995 0.704363 0.743381 0.908305 0.656528 0.768165 120 54
P 395 0 0.747262 0.640698 0.883506 0.733133 0.611124 0.811166 175 6
P 396 0 0.930379 0.634447 0.867576 0.890166 0.690595 0.82839 83 54
P 397 0 0.952697 0.598061 0.870501 0.886596 0.621266 0.837163 114 167
P 398 0 0.383833 0.199165 0.85634 0.398806 0.24725 0.798964 30 28
P 399 0 0.921788 0.587713 0.790829 0.872324 0.609654 0.848179 142 167
