400 
 9.600000
P 0 0 0.942527 0.657711 0.170641 0.895194 0.673779 0.101858 92 118
P 1 0 0.298876 0.583627 0.446811 0.367752 0.579852 0.486437 107 44
P 2 0 0.890753 0.598744 0.221495 0.878352 0.64695 0.164775 183 83
P 3 0 0.892903 0.696504 0.14811 0.880659 0.708312 0.22679 114 53
P 4 0 0.888999 0.590233 0.147209 0.8208 0.558164 0.122562 60 176
P 5 0 0.923377 0.532898 0.0880169 0.937962 0.588365 0.137489 22 114
P 6 0 0.855514 0.521546 0.102292 0.847062 0.507535 0.176719 41 150
P 7 0 0.968677 0.577088 0.08315 0.94083 0.509954 0.119924 96 22
P 8 0 0.823524 0.638997 0.259034 0.825551 0.567151 0.22464 137 13
P 9 0 0.877082 0.623219 0.131872 0.85388 0.675561 0.184942 60 183
P 10 0 0.680182 0.386679 0.194276 0.730463 0.325362 0.206718 97 195
P 11 0 0.859378 0.672218 0.109089 0.920598 0.630718 0.106957 60 118
P 12 0 0.797309 0.349955 0.195982 0.816668 0.413308 0.150123 195 68
P 13 0 0.860896 0.650228 0.0400455 0.88259 0.695142 0.0993289 78 118
P 14 0 0.898667 0.682672 0.146751 0.872207 0.637381 0.20311 114 183
P 15 0 0.731802 0.840811 0.140566 0.697009 0.774766 0.170542 3 188
P 16 0 0.761181 0.559925 0.234556 0.834924 0.538557 0.220384 180 13
P 17 0 0.844457 0.551661 0.0886779 0.920858 0.53621 0.083411 96 22
P 18 0 0.788385 0.418307 0.0692372 0.82661 0.450861 0.127974 41 6
P 19 0 0.851896 0.759213 0.0143677 0.92682 0.728278 0.0254769 78 187
P 20 0 0.295746 0.875607 0.657232 0.295746 0.875607 0.657232 -1 95
P 21 0 0.870107 0.672002 0.151647 0.925437 0.618423 0.140441 83 114
P 22 0 0.82137 0.674563 0.135981 0.892937 0.677605 0.101405 167 118
P 23 0 0.864641 0.653143 0.19561 0.882221 0.719827 0.225698 183 53
P 24 0 0.779964 0.559167 0.156961 0.732719 0.504697 0.143194 189 84
P 25 0 0.850104 0.492247 0.213491 0.913757 0.539369 0.221149 13 83
P 26 0 0.799183 0.431909 0.0144094 0.789852 0.484152 0.0760647 124 33
P 27 0 0.750952 0.538618 0.0883675 0.773872 0.517248 0.163838 25 84
P 28 0 0.83477 0.671891 0.262592 0.867581 0.647019 0.198524 137 183
P 29 0 0.794648 0.489548 0.148118 0.750777 0.510516 0.0836527 175 25
P 30 0 0.820872 0.558051 0.12259 0.754319 0.549726 0.162431 176 189
P 31 0 0.818107 0.464017 0.0838723 0.747496 0.494273 0.106612 41 6
P 32 0 0.825915 0.624971 0.10352 0.833484 0.590752 0.0353159 164 33
P 33 0 0.830971 0.534662 0.192481 0.827626 0.459202 0.209314 84 68
P 34 0 0.91977 0.615766 0.711122 0.861708 0.617042 0.761161 119 42
P 35 0 0.762669 0.562282 0.236461 0.780498 0.494638 0.198041 180 173
P 36 0 0.794652 0.477041 0.163533 0.749311 0.493277 0.107102 175 6
P 37 0 0.820815 0.559801 0.0471472 0.843234 0.502661 0.096245 33 41
P 38 0 0.404262 0.492347 0.625325 0.471838 0.479836 0.580612 105 45
P 39 0 0.870025 0.631795 0.0839127 0.877971 0.648107 0.164168 142 83
P 40 0 0.799888 0.647545 0.142712 0.858171 0.666621 0.189196 54 183
P 41 0 0.798657 0.505665 0.0678411 0.819955 0.559495 0.122234 33 176
P 42 0 0.880346 0.636538 0.0890356 0.870658 0.67033 0.152523 142 83
P 43 0 0.770833 0.363032 0.274173 0.804215 0.296251 0.295559 143 0
P 44 0 0.774208 0.54233 0.102189 0.79525 0.468069 0.119506 157 6
P 45 0 0.922724 0.605279 0.762314 0.912854 0.680868 0.745464 119 141
P 46 0 0.846488 0.620979 0.0722302 0.896023 0.672374 0.102025 142 118
P 47 0 0.931797 0.611733 0.109204 0.90264 0.673136 0.145815 118 114
P 48 0 0.761679 0.732973 0.199482 0.778285 0.752036 0.274933 120 17
P 49 0 0.836658 0.677415 0.263189 0.850697 0.682192 0.181787 137 183
P 50 0 0.290754 0.331423 0.847507 0.229884 0.386406 0.829497 172 12
P 51 0 0.801007 0.525523 0.17745 0.794801 0.468315 0.119385 84 6
P 52 0 0.831285 0.474528 0.229082 0.80488 0.526705 0.179393 68 84
P 53 0 0.764249 0.463822 0.187768 0.805919 0.462215 0.122387 173 6
P 54 0 0.797775 0.650842 0.134294 0.744286 0.695974 0.172059 54 120
P 55 0 0.871988 0.637316 0.125317 0.873977 0.633693 0.204865 60 183
P 56 0 0.877808 0.62121 0.132806 0.942592 0.577253 0.136398 60 114
P 57 0 0.834794 0.671963 0.262599 0.855459 0.672272 0.186507 137 183
P 58 0 0.842414 0.624722 0.141684 0.831919 0.614284 0.0649989 167 142
P 59 0 0.794656 0.460203 0.184287 0.74502 0.508448 0.149364 175 84
P 60 0 0.822504 0.671878 0.136288 0.867023 0.64818 0.197971 167 183
P 61 0 0.875674 0.627114 0.130061 0.812228 0.610826 0.0946116 60 164
P 62 0 0.821179 0.468742 0.0853851 0.750743 0.505107 0.0827453 41 25
P 63 0 0.862617 0.576875 0.147159 0.867448 0.526171 0.208108 167 150
P 64 0 0.823142 0.532274 0.188554 0.861522 0.579467 0.146863 84 167
P 65 0 0.938583 0.586875 0.137343 0.876127 0.62586 0.130644 114 60
P 66 0 0.873541 0.531741 0.21749 0.864301 0.572885 0.147616 150 167
P 67 0 0.864923 0.601456 0.0515366 0.929078 0.568983 0.0849122 78 96
P 68 0 0.812672 0.6276 0.193642 0.886036 0.623601 0.17701 54 83
P 69 0 0.762215 0.814026 0.0496396 0.794675 0.7989 0.126253 188 183
P 70 0 0.812477 0.571267 0.119331 0.798619 0.505572 0.0678769 176 33
P 71 0 0.93561 0.57032 0.0846215 0.884706 0.602116 0.141684 96 60
P 72 0 0.867951 0.648492 0.120121 0.863475 0.618992 0.0474051 60 78
P 73 0 0.881289 0.53265 0.15222 0.820455 0.558707 0.122428 167 176
P 74 0 0.821694 0.620609 0.100773 0.860049 0.554853 0.0879841 164 96
P 75 0 0.834261 0.633596 0.108952 0.880547 0.640282 0.168269 164 83
P 76 0 0.810546 0.630917 0.185173 0.83339 0.632696 0.108385 54 164
P 77 0 0.871162 0.639558 0.202074 0.871783 0.637883 0.125053 183 60
P 78 0 0.442936 0.889509 0.994841 0.442936 0.889509 0.994841 -1 40
P 79 0 0.759439 0.336022 0.202064 0.771672 0.314124 0.126168 195 56
P 80 0 0.793462 0.46905 0.119024 0.722721 0.501647 0.138178 6 84
P 81 0 0.749331 0.509763 0.151527 0.804297 0.463105 0.121949 84 6
P 82 0 0.796393 0.652999 0.128786 0.846154 0.691656 0.177284 54 183
P 83 0 0.809896 0.570187 0.150575 0.7911 0.514742 0.204743 189 173
P 84 0 0.771246 0.477091 0.192192 0.733389 0.417674 0.221116 173 97
P 85 0 0.87104 0.632262 0.0844166 0.916953 0.566501 0.0854518 142 96
P 86 0 0.865164 0.629562 0.0815 0.868068 0.556494 0.0876272 142 96
P 87 0 0.92513 0.530593 0.0912224 0.867721 0.567568 0.0595209 22 78
P 88 0 0.849512 0.607911 0.143608 0.925897 0.617319 0.140333 167 114
P 89 0 0.850717 0.510877 0.182347 0.822008 0.435674 0.17897 150 68
P 90 0 0.861118 0.49469 0.138212 0.85433 0.553682 0.0882385 176 96
P 91 0 0.935914 0.59328 0.137972 0.936496 0.515653 0.111999 114 22
P 92 0 0.826454 0.454295 0.202986 0.813013 0.529185 0.183473 68 84
P 93 0 0.792514 0.424657 0.0712704 0.815308 0.407611 0.142774 41 68
P 94 0 0.863243 0.622497 0.732981 0.91094 0.682112 0.749266 42 141
P 95 0 0.851261 0.817455 0.938706 0.829156 0.753384 0.979618 198 197
P 96 0 0.768347 0.515563 0.161066 0.754671 0.44566 0.181714 84 173
P 97 0 0.862598 0.629605 0.0449044 0.918923 0.680279 0.0354158 78 182
P 98 0 0.663023 0.825425 0.640466 0.714956 0.872928 0.679786 139 43
P 99 0 0.882137 0.722343 0.150648 0.901777 0.66262 0.103179 114 118
P 100 0 0.804585 0.640218 0.161423 0.879398 0.616808 0.134853 54 60
P 101 0 0.836738 0.533025 0.21956 0.765325 0.56649 0.239861 13 180
P 102 0 0.919833 0.623003 0.0631702 0.890304 0.57505 0.119422 108 41
P 103 0 0.856948 0.523752 0.102998 0.866258 0.58529 0.0553456 41 78
P 104 0 0.873102 0.633209 0.0854398 0.939756 0.598243 0.110801 142 118
P 105 0 0.874254 0.633739 0.0860116 0.941136 0.629084 0.0441676 142 108
P 106 0 0.820969 0.581131 0.226721 0.86929 0.643459 0.200218 13 183
P 107 0 0.886614 0.620919 0.0107033 0.879448 0.636126 0.0885898 182 142
P 108 0 0.691539 0.393294 0.200005 0.698111 0.313459 0.211915 97 195
P 109 0 0.817209 0.546084 0.0898905 0.868081 0.563932 0.148641 96 167
P 110 0 0.918411 0.508828 0.185058 0.899161 0.583721 0.197908 60 83
P 111 0 0.804194 0.640828 0.159865 0.87338 0.634938 0.204272 54 183
P 112 0 0.830327 0.543166 0.12626 0.896323 0.569964 0.156633 176 60
P 113 0 0.864172 0.765457 0.154882 0.884213 0.734504 0.224307 114 53
P 114 0 0.825852 0.316677 0.254713 0.813533 0.246535 0.22081 143 56
P 115 0 0.863241 0.62249 0.733019 0.917713 0.62307 0.675464 42 119
P 116 0 0.759421 0.454667 0.184716 0.816238 0.411506 0.147798 173 68
P 117 0 0.810029 0.575123 0.118381 0.879707 0.558877 0.0871092 176 96
P 118 0 0.94143 0.580042 0.136672 0.904608 0.56717 0.206581 114 83
P 119 0 0.837094 0.532512 0.128886 0.820969 0.560176 0.0470039 176 33
P 120 0 0.769843 0.474431 0.191305 0.785548 0.52791 0.247018 173 137
P 121 0 0.864538 0.653358 0.195507 0.837183 0.678951 0.263355 183 137
P 122 0 0.865484 0.594659 0.053138 0.835832 0.635219 0.109974 78 164
P 123 0 0.904735 0.657606 0.103773 0.885238 0.626025 0.17574 118 83
P 124 0 0.932918 0.728308 0.0235089 0.855248 0.718622 0.0239313 187 78
P 125 0 0.893748 0.694476 0.147911 0.827569 0.659882 0.137661 114 167
P 126 0 0.87098 0.639936 0.201894 0.8128 0.606054 0.230431 183 13
P 127 0 0.80785 0.603224 0.0530522 0.868094 0.563055 0.0605844 142 78
P 128 0 0.876464 0.652687 0.161769 0.872339 0.632859 0.085061 83 142
P 129 0 0.865252 0.570633 0.147874 0.914785 0.518863 0.180393 167 60
P 130 0 0.799875 0.566497 0.152713 0.846858 0.552153 0.0885711 189 96
P 131 0 0.85763 0.602548 0.83603 0.924706 0.598244 0.796652 42 119
P 132 0 0.217845 0.148993 0.944449 0.230709 0.200468 0.88487 172 16
P 133 0 0.872307 0.636435 0.125727 0.875491 0.707176 0.0979041 60 118
P 134 0 0.891279 0.680415 0.101073 0.923381 0.623357 0.140926 118 114
P 135 0 0.857774 0.517327 0.193212 0.820828 0.581562 0.226785 150 13
P 136 0 0.856562 0.516219 0.191346 0.89403 0.576311 0.153682 150 60
P 137 0 0.901072 0.55682 0.162744 0.850639 0.605241 0.143913 60 167
P 138 0 0.830899 0.548886 0.0892813 0.857212 0.589674 0.145695 96 167
P 139 0 0.926496 0.528798 0.0937181 0.902439 0.553036 0.164504 22 60
P 140 0 0.89559 0.571993 0.15569 0.860555 0.554957 0.0879615 60 96
P 141 0 0.310214 0.759248 0.596352 0.296423 0.838294 0.616049 82 95
P 142 0 0.876988 0.651093 0.162604 0.800355 0.646817 0.144572 83 54
P 143 0 0.838235 0.60236 0.0308789 0.869657 0.54412 0.0650455 33 78
P 144 0 0.741314 0.497665 0.104943 0.794651 0.478526 0.161702 6 175
P 145 0 0.181194 0.645448 0.212363 0.228622 0.707897 0.206636 29 49
P 146 0 0.823294 0.638323 0.258961 0.862393 0.573703 0.239547 137 53
P 147 0 0.705089 0.316026 0.210794 0.704313 0.400736 0.206449 195 97
P 148 0 0.844538 0.551678 0.0886743 0.881485 0.532186 0.152273 96 167
P 149 0 0.869073 0.551191 0.0633796 0.861372 0.627819 0.0796179 78 142
P 150 0 0.455921 0.244107 0.918061 0.486385 0.299735 0.861128 23 79
P 151 0 0.824258 0.623259 0.102442 0.822029 0.556229 0.123039 164 176
P 152 0 0.805529 0.295508 0.292457 0.862919 0.285447 0.241602 0 143
P 153 0 0.790783 0.522405 0.172321 0.760513 0.558868 0.233702 84 180
P 154 0 0.878571 0.624124 0.209418 0.877358 0.622454 0.132228 183 60
P 155 0 0.822061 0.55618 0.123051 0.799727 0.50828 0.0668418 176 33
P 156 0 0.908212 0.659762 0.144501 0.869902 0.631739 0.0838517 114 142
P 157 0 0.921755 0.53503 0.0850515 0.889381 0.513485 0.154413 22 167
P 158 0 0.837347 0.531165 0.219283 0.807537 0.592232 0.253976 13 137
P 159 0 0.827994 0.546839 0.125354 0.888791 0.590809 0.146941 176 60
P 160 0 0.758777 0.335779 0.202171 0.771212 0.362713 0.274039 195 143
P 161 0 0.930084 0.607271 0.139346 0.871264 0.556394 0.149503 114 167
P 162 0 0.893958 0.599531 0.189623 0.825158 0.568351 0.224819 83 13
P 163 0 0.83963 0.631317 0.14093 0.893242 0.601706 0.188483 167 83
P 164 0 0.798214 0.455435 0.253815 0.758505 0.452929 0.184137 97 173
P 165 0 0.860255 0.669792 0.110218 0.856035 0.671071 0.187079 60 183
P 166 0 0.839991 0.527951 0.130011 0.907543 0.538909 0.171072 176 60
P 167 0 0.918966 0.633483 0.106629 0.94452 0.647174 0.174823 118 92
P 168 0 0.725365 0.390084 0.163187 0.748691 0.426587 0.228835 173 97
P 169 0 0.774716 0.540104 0.0973279 0.794123 0.468687 0.119202 157 6
P 170 0 0.888558 0.702036 0.955281 0.830165 0.734619 0.909705 197 141
P 171 0 0.754828 0.817635 1.01007 0.710039 0.832013 0.942823 197 145
P 172 0 0.720542 0.794405 0.175195 0.660793 0.757184 0.129675 3 168
P 173 0 0.937939 0.58842 0.137494 0.940518 0.510365 0.119352 114 22
P 174 0 0.877367 0.649943 0.163207 0.93488 0.698145 0.154592 83 92
P 175 0 0.855176 0.624972 0.0765424 0.883905 0.604332 0.140653 142 60
P 176 0 0.759285 0.551554 0.161372 0.794651 0.481488 0.158052 189 175
P 177 0 0.904058 0.548555 0.166587 0.842583 0.52387 0.131017 60 176
P 178 0 0.739662 0.686139 0.164769 0.802232 0.643889 0.152049 120 54
P 179 0 0.862829 0.626817 0.0455613 0.869635 0.64383 0.122289 78 60
P 180 0 0.717473 0.500047 0.135545 0.773498 0.481363 0.193615 84 173
P 181 0 0.846807 0.614317 0.142875 0.857607 0.67712 0.10681 167 60
P 182 0 0.863855 0.579104 -0.00670474 0.862219 0.634197 0.0438226 182 78
P 183 0 0.923828 0.622285 0.140821 0.862583 0.663348 0.113214 114 60
P 184 0 0.863114 0.656324 0.194096 0.861458 0.666463 0.111765 183 60
P 185 0 0.870959 0.52938 0.213514 0.894041 0.576279 0.153697 150 60
P 186 0 0.878954 0.728041 0.0409243 0.83395 0.749241 -0.0223456 187 197
P 187 0 0.835524 0.549833 0.0890754 0.837667 0.600974 0.0314088 96 33
P 188 0 0.715057 0.7718 0.192062 0.633289 0.764364 0.196365 3 168
P 189 0 0.641692 0.76217 0.175989 0.712216 0.783922 0.142345 168 188
P 190 0 0.80329 0.567755 0.151985 0.801211 0.645481 0.147984 189 54
P 191 0 0.839209 0.632313 0.140816 0.906622 0.66358 0.144876 167 114
P 192 0 0.844675 0.619367 0.142297 0.901177 0.676647 0.14616 167 114
P 193 0 0.779548 0.886719 0.973037 0.747241 0.824193 1.01318 198 197
P 194 0 0.944095 0.649421 0.173931 0.866337 0.64961 0.197291 92 183
P 195 0 0.891919 0.698867 0.148342 0.884676 0.627734 0.174844 114 83
P 196 0 0.788123 0.521594 0.170987 0.762567 0.486003 0.110682 84 6
P 197 0 0.827266 0.626368 0.104399 0.877208 0.650426 0.162953 164 83
P 198 0 0.741428 0.608707 0.270048 0.809615 0.636645 0.296557 132 180
P 199 0 0.880118 0.535425 0.151903 0.921949 0.534775 0.0854068 167 22
P 200 0 0.192219 0.858083 0.202084 0.162735 0.806676 0.25593 89 46
P 201 0 0.68678 0.30929 0.213734 0.655047 0.372037 0.181597 195 97
P 202 0 0.818191 0.607975 0.0581848 0.86914 0.550387 0.063569 142 78
P 203 0 0.818961 0.555271 0.0488789 0.822308 0.555791 0.123147 33 176
P 204 0 0.867828 0.540484 0.108355 0.813459 0.541828 0.0540177 41 33
P 205 0 0.804758 0.774474 0.989614 0.822869 0.739361 0.924196 197 141
P 206 0 0.809204 0.253525 0.211022 0.878984 0.271912 0.23592 56 143
P 207 0 0.809394 0.382842 0.110829 0.775219 0.448403 0.08973 68 33
P 208 0 0.864211 0.573099 0.147591 0.86362 0.490751 0.139183 167 176
P 209 0 0.823333 0.573918 0.225647 0.780407 0.55933 0.156866 13 189
P 210 0 0.858049 0.587693 0.145922 0.906997 0.540419 0.17037 167 60
P 211 0 0.873545 0.633008 0.12732 0.894333 0.598389 0.190221 60 83
P 212 0 0.881895 0.636185 0.170416 0.878889 0.635869 0.0883122 83 142
P 213 0 0.939874 0.583775 0.137038 0.939636 0.511525 0.11774 114 22
P 214 0 0.868839 0.63125 0.0833239 0.830085 0.582449 0.03849 142 33
P 215 0 0.86225 0.577742 0.14706 0.857619 0.517186 0.192974 167 150
P 216 0 0.937867 0.588592 0.137511 0.871981 0.637338 0.125307 114 60
P 217 0 0.808553 0.748668 0.952632 0.876055 0.712844 0.960404 141 197
P 218 0 0.752807 0.546662 0.223838 0.830853 0.550976 0.222232 180 13
P 219 0 0.533793 0.372226 0.728503 0.459501 0.402857 0.747774 79 55
P 220 0 0.902765 0.672837 0.145786 0.823374 0.669817 0.136524 114 167
P 221 0 0.81036 0.574601 0.118509 0.847344 0.621373 0.072655 176 142
P 222 0 0.962396 0.552655 0.21234 0.899399 0.555378 0.257303 92 150
P 223 0 0.833943 0.541552 0.22083 0.9107 0.548657 0.216282 13 83
P 224 0 0.89724 0.67031 0.102269 0.878851 0.730228 0.151422 118 114
P 225 0 0.893706 0.6763 0.10156 0.861378 0.644384 0.0414224 118 78
P 226 0 0.831417 0.630658 0.107101 0.85412 0.553639 0.0882479 164 96
P 227 0 0.844439 0.619927 0.142233 0.9267 0.615394 0.140144 167 114
P 228 0 0.442676 0.673434 0.444327 0.442676 0.673434 0.444327 151 -1
P 229 0 0.879107 0.729615 0.151362 0.880735 0.708871 0.226737 114 53
P 230 0 0.905483 0.666313 0.145145 0.839532 0.639043 0.112382 114 164
P 231 0 0.99365 0.440522 0.216482 0.987849 0.486859 0.151477 22 70
P 232 0 0.901994 0.575112 0.202419 0.944156 0.573499 0.136029 83 114
P 233 0 0.803512 0.580457 0.252702 0.828178 0.53381 0.19108 137 84
P 234 0 0.846976 0.544516 0.725736 0.86219 0.618753 0.752322 101 42
P 235 0 0.812195 0.53874 0.055198 0.811803 0.572329 0.119069 33 176
P 236 0 0.740243 0.506991 0.146968 0.800447 0.465217 0.12091 84 6
P 237 0 0.804529 0.640304 0.161203 0.792945 0.563946 0.154191 54 189
P 238 0 0.940789 0.666901 0.166993 0.899121 0.667122 0.102646 92 118
P 239 0 0.885145 0.600902 0.142248 0.905226 0.565292 0.207565 60 83
P 240 0 0.881409 0.637662 0.169642 0.900928 0.557218 0.162559 83 60
P 241 0 0.81758 0.41713 0.155052 0.756266 0.448684 0.182722 68 173
P 242 0 0.828529 0.627673 0.105221 0.823814 0.55342 0.123731 164 176
P 243 0 0.857163 0.470712 0.210285 0.787711 0.508315 0.2026 13 173
P 244 0 0.821901 0.562453 0.0461334 0.809831 0.575434 0.118304 33 176
P 245 0 0.832019 0.780864 0.0891797 0.851628 0.762459 0.0136029 118 78
P 246 0 0.790736 0.470546 0.118288 0.777974 0.525803 0.0661008 6 157
P 247 0 0.914322 0.544801 0.0714638 0.935343 0.605722 0.109916 22 118
P 248 0 0.860811 0.56204 0.240652 0.880081 0.519517 0.306787 53 90
P 249 0 0.799314 0.566291 0.152833 0.84099 0.628096 0.141298 189 167
P 250 0 0.922259 0.606931 0.754246 0.864791 0.627999 0.704562 119 42
P 251 0 0.769391 0.473573 0.191019 0.799435 0.465773 0.120636 173 6
P 252 0 0.816465 0.549172 0.0512104 0.825706 0.550442 0.124466 33 176
P 253 0 0.454795 0.900257 0.816173 0.383913 0.937356 0.824478 178 134
P 254 0 0.91113 0.566101 0.275365 0.899502 0.582684 0.198451 150 83
P 255 0 0.743646 0.694614 0.17105 0.797532 0.651221 0.133325 120 54
P 256 0 0.870467 0.558282 0.149287 0.911009 0.547719 0.216773 167 83
P 257 0 0.649668 0.66719 0.327719 0.576124 0.684116 0.304073 132 116
P 258 0 0.680137 0.386653 0.194254 0.708038 0.317111 0.21032 97 195
P 259 0 0.832412 0.631685 0.107748 0.899566 0.666367 0.102736 164 118
P 260 0 0.827581 0.533628 0.190781 0.76936 0.473515 0.191 84 173
P 261 0 0.648783 0.498271 0.734589 0.599385 0.42892 0.737753 135 73
P 262 0 0.849491 0.607962 0.143602 0.835083 0.549743 0.0890951 167 96
P 263 0 0.87701 0.558325 0.0872293 0.821686 0.620601 0.100768 96 164
P 264 0 0.842237 0.625142 0.141636 0.846581 0.690767 0.177707 167 183
P 265 0 0.910507 0.647821 0.104932 0.838014 0.637474 0.111394 118 164
P 266 0 0.874385 0.659003 0.158459 0.828812 0.627965 0.105405 83 164
P 267 0 0.884594 0.566269 0.116611 0.938872 0.512529 0.116343 41 22
P 268 0 0.878956 0.558723 0.0871427 0.903046 0.551356 0.165285 96 60
P 269 0 0.844979 0.618648 0.142379 0.916107 0.640816 0.142641 167 114
P 270 0 0.914518 0.519603 0.180049 0.943989 0.573901 0.136068 60 114
P 271 0 0.217686 0.401988 0.863405 0.242601 0.384879 0.936135 12 31
P 272 0 0.959913 0.565783 0.207129 0.932534 0.601391 0.138768 92 114
P 273 0 0.825933 0.565986 0.224467 0.881433 0.618161 0.212256 13 183
P 274 0 0.795473 0.523036 0.207507 0.799358 0.456102 0.254393 173 97
P 275 0 0.827492 0.54763 0.125159 0.823414 0.56615 0.0447202 176 33
P 276 0 0.814585 0.567949 0.120149 0.827908 0.577129 0.0405236 176 33
P 277 0 0.800664 0.643076 0.235941 0.874665 0.63226 0.205547 13 183
P 278 0 0.718324 0.500307 0.135973 0.784969 0.47371 0.11673 84 6
P 279 0 0.876788 0.634903 0.0872692 0.888845 0.560747 0.0867026 142 96
P 280 0 0.874863 0.631849 0.205742 0.817822 0.590732 0.22815 183 13
P 281 0 0.844727 0.618221 0.0248158 0.819265 0.618099 0.0991919 33 164
P 282 0 0.878918 0.618136 0.134235 0.894356 0.693017 0.147767 60 114
P 283 0 0.886194 0.455212 0.147945 0.950795 0.496855 0.13814 176 22
P 284 0 0.855172 0.553855 0.0882011 0.821847 0.620767 0.100872 96 164
P 285 0 0.828325 0.627462 0.105088 0.799842 0.566485 0.15272 164 189
P 286 0 0.86823 0.63097 0.0830216 0.920078 0.631285 0.141705 142 114
P 287 0 0.809632 0.632343 0.181531 0.842655 0.698945 0.173815 54 183
P 288 0 0.897768 0.669416 0.102375 0.842855 0.623679 0.141804 118 167
P 289 0 0.833679 0.749475 -0.0222346 0.866656 0.72798 0.0448933 197 187
P 290 0 0.975593 0.692065 0.94091 0.924807 0.74642 0.903497 113 198
P 291 0 0.859329 0.669205 0.0355743 0.817328 0.727735 0.0608125 78 187
P 292 0 0.812312 0.727711 0.0624311 0.850723 0.773419 0.0110207 187 78
P 293 0 0.779256 0.301878 0.143315 0.731771 0.325843 0.206508 56 195
P 294 0 0.722378 0.411259 0.215561 0.794672 0.404026 0.253527 97 175
P 295 0 0.788672 0.510139 0.203208 0.734636 0.505281 0.144155 173 84
P 296 0 0.875211 0.628398 0.129464 0.799873 0.647568 0.142652 60 54
P 297 0 0.853788 0.518891 0.101442 0.77422 0.542281 0.102082 41 157
P 298 0 0.860234 0.55779 0.241055 0.866473 0.587275 0.321577 53 21
P 299 0 0.884293 0.628897 0.174235 0.860868 0.668095 0.111006 83 60
P 300 0 0.873048 0.663065 0.15633 0.869553 0.631578 0.0836783 83 142
P 301 0 0.957052 0.488631 0.149577 0.894728 0.441776 0.151258 22 176
P 302 0 0.844871 0.505177 0.0970507 0.794649 0.48742 0.150741 41 175
P 303 0 0.774726 0.686803 0.0424666 0.751636 0.648231 0.106758 54 25
P 304 0 0.73483 0.107079 1.01742 0.792048 0.129109 0.96486 103 152
P 305 0 0.851481 0.603247 0.144142 0.869604 0.673532 0.150845 167 83
P 306 0 0.830309 0.629512 0.10638 0.901784 0.662607 0.103181 164 118
P 307 0 0.89751 0.566677 0.158161 0.859005 0.498017 0.137391 60 176
P 308 0 0.901798 0.662585 0.103184 0.860488 0.655164 0.0388827 118 78
P 309 0 0.876483 0.65263 0.161799 0.880835 0.698117 0.0989766 83 118
P 310 0 0.785263 0.561118 0.15583 0.809007 0.633318 0.179042 189 54
P 311 0 0.794653 0.470826 0.171193 0.833093 0.535309 0.193546 175 84
P 312 0 0.870525 0.798848 0.929484 0.830609 0.734331 0.908824 198 141
P 313 0 0.718408 0.510234 0.098758 0.791288 0.487662 0.074723 6 33
P 314 0 0.444835 0.67449 0.442322 0.444835 0.67449 0.442322 151 -1
P 315 0 0.863203 0.575486 0.147318 0.798751 0.592878 0.114003 167 176
P 316 0 0.797073 0.331241 0.0442756 0.733205 0.376232 0.0392017 68 56
P 317 0 0.788593 0.562344 0.15512 0.727625 0.503143 0.140638 189 84
P 318 0 0.835051 0.446229 0.130253 0.78651 0.475988 0.0791853 6 33
P 319 0 0.812691 0.529087 0.183311 0.810717 0.574039 0.118648 84 176
P 320 0 0.862784 0.662791 0.113473 0.843044 0.698136 0.1742 60 183
P 321 0 0.776878 0.443006 0.243053 0.745118 0.384698 0.283268 97 143
P 322 0 0.90177 0.648764 0.0222956 0.903178 0.72816 0.0331067 182 187
P 323 0 0.17001 0.728875 0.636902 0.242909 0.693315 0.655787 82 121
P 324 0 0.868232 0.563576 0.148681 0.917431 0.51154 0.183798 167 60
P 325 0 0.79465 0.482195 0.15718 0.770034 0.555511 0.159079 175 189
P 326 0 0.752106 0.72356 0.119396 0.794263 0.656321 0.120302 25 54
P 327 0 0.823398 0.758362 0.981977 0.760104 0.709615 0.984215 197 54
P 328 0 0.832494 0.72781 0.055918 0.822515 0.759125 -0.0176608 187 197
P 329 0 0.853116 0.513069 0.18604 0.823957 0.553194 0.123787 150 176
P 330 0 0.769007 0.472846 0.190777 0.72349 0.411907 0.216123 173 97
P 331 0 0.905102 0.545664 0.167931 0.861244 0.530358 0.105113 60 41
P 332 0 0.831095 0.55024 0.222123 0.842872 0.535751 0.30133 13 115
P 333 0 0.750896 0.529582 0.0868515 0.778242 0.455787 0.0869074 25 33
P 334 0 0.870549 0.479843 0.141872 0.939959 0.511101 0.11833 176 22
P 335 0 0.809069 0.460486 0.123238 0.780146 0.519161 0.166985 6 84
P 336 0 0.83769 0.635912 0.140404 0.909185 0.657429 0.144272 167 114
P 337 0 0.933302 0.706487 0.151281 0.875334 0.656119 0.15997 92 83
P 338 0 0.958361 0.573991 0.203872 0.932124 0.602375 0.138865 92 114
P 339 0 0.815161 0.613858 0.0965208 0.866429 0.556159 0.0877002 164 96
P 340 0 0.861125 0.64745 0.0407 0.906452 0.654695 0.104118 78 118
P 341 0 0.912858 0.643836 0.105403 0.849231 0.622239 0.0735914 118 142
P 342 0 0.867934 0.564989 0.0601286 0.842853 0.502073 0.0960571 78 41
P 343 0 0.987658 0.580973 0.0823053 0.928199 0.526559 0.0968322 96 22
P 344 0 0.888257 0.516149 0.154109 0.837395 0.550216 0.0889922 167 96
P 345 0 0.751435 0.346798 0.0804168 0.785406 0.413725 0.0677703 56 41
P 346 0 0.80569 0.45979 0.257587 0.822721 0.43866 0.18282 97 68
P 347 0 0.775551 0.536438 0.0893249 0.833484 0.487666 0.091444 157 41
P 348 0 0.828398 0.314532 0.253812 0.848751 0.27106 0.190432 143 0
P 349 0 0.82236 0.547138 0.0896612 0.861617 0.579242 0.146889 96 167
P 350 0 0.753592 0.547905 0.224842 0.791966 0.563586 0.1544 180 189
P 351 0 0.91928 0.632951 0.106692 0.839057 0.638553 0.112073 118 164
P 352 0 0.874237 0.549352 0.150309 0.921237 0.501006 0.188695 167 60
P 353 0 0.898484 0.668203 0.102518 0.864408 0.607694 0.0500669 118 78
P 354 0 0.914077 0.671375 0.0317087 0.86359 0.617591 0.0477351 182 78
P 355 0 0.743712 0.49635 0.10559 0.782523 0.519886 0.168177 6 84
P 356 0 0.861432 0.659828 0.192429 0.865746 0.654593 0.117284 183 60
P 357 0 0.834383 0.643744 0.139507 0.873083 0.635556 0.203979 167 183
P 358 0 0.756094 0.448358 0.182613 0.775387 0.478968 0.114143 173 6
P 359 0 0.87362 0.557631 0.0873801 0.814289 0.606182 0.0562481 96 142
P 360 0 0.915114 0.54376 0.0729116 0.943929 0.574043 0.136082 22 114
P 361 0 0.77274 0.548775 0.116263 0.842135 0.551186 0.0887812 157 96
P 362 0 0.870963 0.632226 0.0843781 0.924477 0.620727 0.140668 142 114
P 363 0 0.856872 0.59048 0.145603 0.855138 0.553848 0.0882026 167 96
P 364 0 0.879756 0.709645 0.958887 0.81831 0.742325 0.933252 197 141
P 365 0 0.860182 0.658874 0.0380084 0.829453 0.727795 0.0568992 78 187
P 366 0 0.276872 0.7486 0.156795 0.310068 0.744097 0.229713 89 49
P 367 0 0.853944 0.597416 0.144809 0.93307 0.600105 0.138642 167 114
P 368 0 0.92258 0.605791 0.759812 0.907025 0.684656 0.757041 119 141
P 369 0 0.908416 0.651366 0.104512 0.830204 0.629403 0.106311 118 164
P 370 0 0.848378 0.552464 0.0885034 0.792013 0.603486 0.111387 96 176
P 371 0 0.866804 0.578674 0.0569044 0.936876 0.570579 0.0845652 78 96
P 372 0 0.885527 0.522614 0.153369 0.858121 0.554458 0.0880698 167 96
P 373 0 0.933766 0.704034 0.152254 0.877117 0.650702 0.162809 92 83
P 374 0 0.903249 0.660124 0.103475 0.882727 0.633655 0.171742 118 83
P 375 0 0.832732 0.647653 0.13906 0.916128 0.640765 0.142636 167 114
P 376 0 0.859955 0.57194 -0.00968757 0.862487 0.63096 0.0445851 182 78
P 377 0 0.887364 0.709798 0.149416 0.875407 0.627853 0.129717 114 60
P 378 0 0.855502 0.553922 0.0881864 0.810531 0.604455 0.0543829 96 142
P 379 0 0.868739 0.646311 0.121135 0.843791 0.696579 0.174941 60 183
P 380 0 0.750915 0.532586 0.0873555 0.779325 0.558932 0.157097 25 189
P 381 0 0.899803 0.679944 0.146484 0.839026 0.632747 0.140766 114 167
P 382 0 0.87987 0.615501 0.13546 0.831314 0.614006 0.0646985 60 142
P 383 0 0.894647 0.561935 0.0864444 0.847012 0.508471 0.0981052 96 41
P 384 0 0.80344 0.517351 0.0633742 0.814575 0.567965 0.120145 33 176
P 385 0 0.886434 0.620588 0.0105657 0.818729 0.608223 0.0584518 182 142
P 386 0 0.856848 0.590536 0.145596 0.899513 0.562931 0.0862279 167 96
P 387 0 0.837611 0.6169 0.0678241 0.879559 0.616362 0.13506 142 60
P 388 0 0.80253 0.586929 0.11547 0.880184 0.559487 0.114439 176 41
P 389 0 0.75064 0.488656 0.0799852 0.823231 0.471897 0.0863952 25 41
P 390 0 0.879701 0.64285 0.166923 0.880086 0.636419 0.0889062 83 142
P 391 0 0.853404 0.598695 0.144662 0.888056 0.604364 0.218821 167 183
P 392 0 0.900819 0.677507 0.146244 0.835532 0.641022 0.139819 114 167
P 393 0 0.916843 0.639049 0.142467 0.858547 0.665839 0.189568 114 183
P 394 0 0.881194 0.638316 0.169299 0.838809 0.706957 0.170003 83 183
P 395 0 0.838779 0.495809 0.0940512 0.768689 0.482644 0.112335 41 6
P 396 0 0.881134 0.638497 0.169204 0.810814 0.630499 0.18624 83 54
P 397 0 0.915803 0.641545 0.142712 0.850731 0.605025 0.143938 114 167
P 398 0 0.451627 0.666887 0.791693 0.376113 0.640942 0.790589 4 76
P 399 0 0.863151 0.628637 0.0805008 0.859026 0.585378 0.146186 142 167
