400 
 0.800000
P 0 0 0.659417 0.834733 0.710514 0.730331 0.841923 0.747983 91 182
P 1 0 0.742605 0.770284 0.658251 0.778699 0.699902 0.644759 78 146
P 2 0 0.992027 0.232828 0.194533 0.98765 0.198904 0.125909 135 83
P 3 0 0.558869 0.775829 0.618082 0.478866 0.775456 0.625349 69 33
P 4 0 0.6883 0.86627 0.648418 0.64423 0.916763 0.620254 182 171
P 5 0 0.743563 0.657807 0.78727 0.726635 0.644739 0.861127 16 119
P 6 0 0.31747 0.300212 0.170026 0.305221 0.249109 0.224339 66 70
P 7 0 0.690119 0.632836 0.750359 0.713792 0.672721 0.812318 32 16
P 8 0 0.690956 0.361242 0.622053 0.665661 0.424917 0.587976 1 112
P 9 0 0.356329 0.320723 0.102678 0.427277 0.361549 0.0892963 177 131
P 10 0 0.33638 0.244677 0.140845 0.40363 0.284363 0.141082 61 177
P 11 0 0.630396 0.491758 0.709076 0.645234 0.467673 0.787099 96 179
P 12 0 0.851573 0.0768555 0.380451 0.924665 0.0549072 0.400547 173 111
P 13 0 0.78511 0.864818 0.767097 0.832325 0.890813 0.826614 196 105
P 14 0 0.947408 0.14072 0.195882 1.01595 0.101321 0.182759 132 192
P 15 0 0.286583 0.264464 0.100826 0.355422 0.288714 0.0730303 66 14
P 16 0 0.695454 0.638943 0.599505 0.674022 0.655131 0.67541 78 93
P 17 0 0.224518 0.849033 0.532889 0.257523 0.919094 0.538842 161 85
P 18 0 0.1048 0.272659 0.312744 0.0909035 0.331034 0.365221 23 76
P 19 0 0.461083 0.827045 0.671359 0.431734 0.857876 0.738421 152 17
P 20 0 0.0823892 0.354263 0.371347 0.12835 0.294105 0.375982 76 122
P 21 0 0.0985467 0.230116 0.342219 0.103327 0.15186 0.373346 23 102
P 22 0 0.334406 0.377019 0.252645 0.276874 0.426307 0.24598 84 169
P 23 0 0.648557 0.71992 0.733284 0.634056 0.703824 0.811782 140 130
P 24 0 0.0584828 0.240892 0.361251 0.10238 0.299723 0.356963 31 76
P 25 0 0.604857 0.714835 0.688064 0.540685 0.733295 0.729362 101 33
P 26 0 0.186073 0.311644 0.301167 0.193003 0.316996 0.224131 82 141
P 27 0 0.671986 0.87572 0.609773 0.733142 0.842266 0.566903 182 38
P 28 0 0.560338 0.655367 0.784545 0.544199 0.579738 0.759831 157 54
P 29 0 0.790174 0.881228 0.82477 0.714177 0.86653 0.844669 196 8
P 30 0 0.877355 0.946493 0.341115 0.831096 0.918059 0.285343 181 125
P 31 0 0.249814 0.438074 0.279899 0.266864 0.357561 0.287304 180 186
P 32 0 0.957278 0.201934 0.126536 0.911457 0.147305 0.166171 83 192
P 33 0 0.963297 0.0702297 0.23497 0.91655 0.12753 0.206648 132 147
P 34 0 0.285545 0.314715 0.262362 0.326211 0.310329 0.189609 186 66
P 35 0 0.824204 0.0697541 0.417119 0.88848 0.0427217 0.375359 49 111
P 36 0 0.615386 0.680199 0.749184 0.60945 0.61542 0.709706 157 4
P 37 0 0.174504 0.17514 0.403142 0.183989 0.138356 0.334151 102 191
P 38 0 0.265277 0.446521 0.270555 0.226462 0.450228 0.341248 180 186
P 39 0 0.288051 0.397802 0.232356 0.281874 0.323136 0.267264 116 186
P 40 0 0.842001 0.746875 0.829314 0.906374 0.79218 0.827465 59 80
P 41 0 0.595511 0.523259 0.739322 0.544149 0.57967 0.759707 88 54
P 42 0 0.684652 0.559259 0.653897 0.638178 0.561011 0.590689 60 77
P 43 0 0.898568 0.323834 0.0859844 0.895475 0.363029 0.159313 89 154
P 44 0 0.460604 0.795669 0.846079 0.47318 0.821669 0.91795 17 39
P 45 0 0.218408 0.468699 0.352001 0.239848 0.392804 0.344587 186 3
P 46 0 0.692181 0.378279 0.721597 0.713164 0.393498 0.647987 142 165
P 47 0 0.940948 0.169377 0.179991 0.897964 0.207852 0.127759 132 83
P 48 0 0.874919 0.813609 0.906196 0.885838 0.890403 0.905543 80 105
P 49 0 0.896669 0.284258 0.161971 0.955323 0.304895 0.207597 89 154
P 50 0 0.274711 0.250724 0.0742289 0.317601 0.307959 0.0540922 66 14
P 51 0 0.259416 0.892334 0.476564 0.20248 0.940803 0.456238 95 12
P 52 0 0.846318 0.0285237 0.346011 0.89186 0.0240375 0.280768 111 53
P 53 0 0.123319 0.342678 0.300558 0.105566 0.291031 0.35467 122 76
P 54 0 0.821098 0.623825 0.684935 0.75158 0.624018 0.649943 98 114
P 55 0 0.696933 0.42982 0.695522 0.74377 0.488681 0.668203 167 118
P 56 0 0.592864 0.542362 0.702448 0.512889 0.537467 0.682273 137 54
P 57 0 0.018064 0.146402 0.182057 0.0299777 0.194681 0.125037 113 83
P 58 0 0.0544043 0.276021 0.255846 0.0847328 0.207555 0.284343 115 55
P 59 0 0.895806 0.26627 0.196507 0.918583 0.340583 0.177956 89 154
P 60 0 0.653026 0.526447 0.561597 0.65994 0.550091 0.63442 127 60
P 61 0 0.673618 0.255974 0.686606 0.660749 0.323335 0.721627 2 199
P 62 0 0.224461 0.852566 0.527179 0.276717 0.851981 0.469655 161 95
P 63 0 0.0587141 0.31194 0.392528 0.126664 0.310382 0.350707 35 122
P 64 0 0.96677 0.0548216 0.243514 1.02781 0.00937395 0.219119 132 197
P 65 0 0.802169 0.805293 0.785335 0.788826 0.876861 0.809423 190 196
P 66 0 0.912125 0.346856 0.172746 0.895984 0.269965 0.189413 154 89
P 67 0 0.350171 0.390704 0.777894 0.293445 0.414453 0.831146 67 168
P 68 0 0.786854 0.80077 0.869269 0.843877 0.757623 0.837346 190 59
P 69 0 0.899064 0.334188 0.0661063 0.92916 0.372861 -0.00237891 89 50
P 70 0 0.33948 0.274575 0.279035 0.362103 0.281819 0.203052 104 70
P 71 0 0.685996 0.612597 0.587721 0.621221 0.557444 0.58705 78 77
P 72 0 0.704732 0.566709 0.669724 0.727113 0.638135 0.690527 60 176
P 73 0 0.12427 0.333497 0.314815 0.084259 0.398353 0.32043 122 158
P 74 0 0.316663 0.331353 0.135082 0.28529 0.262967 0.0979295 28 66
P 75 0 0.0908414 0.401043 0.324187 0.124622 0.330105 0.320082 158 122
P 76 0 0.723808 0.549367 0.628375 0.680892 0.542481 0.562902 114 127
P 77 0 0.956996 0.0981807 0.21947 0.961855 0.0869716 0.299685 132 150
P 78 0 0.309608 0.291113 0.152413 0.367278 0.312307 0.111567 66 177
P 79 0 0.186667 0.8141 0.247303 0.238838 0.793014 0.309631 58 136
P 80 0 0.324389 0.304505 0.0574911 0.332719 0.380223 0.0558389 14 133
P 81 0 0.2172 0.464537 0.684091 0.2172 0.464537 0.684091 75 -1
P 82 0 0.224401 0.856356 0.521053 0.255031 0.923487 0.538468 161 85
P 83 0 0.847391 0.851449 0.831657 0.789082 0.801428 0.857059 41 190
P 84 0 0.239232 0.392878 0.344749 0.218398 0.468722 0.352014 3 186
P 85 0 0.890121 1.00715 0.311288 0.936428 0.981864 0.369368 163 197
P 86 0 0.290525 0.303293 0.255713 0.324825 0.308725 0.186505 186 66
P 87 0 0.965904 0.0722947 0.312263 0.962901 0.0719853 0.233996 150 132
P 88 0 0.516786 0.638688 0.650857 0.527007 0.602661 0.580613 94 22
P 89 0 0.249721 0.900809 0.582968 0.297093 0.849355 0.544789 162 85
P 90 0 0.872286 0.815403 0.912788 0.898383 0.890307 0.924047 80 105
P 91 0 0.357329 0.279074 0.204838 0.393886 0.291853 0.133171 70 177
P 92 0 0.804364 0.637543 0.705933 0.823634 0.708505 0.675998 98 32
P 93 0 0.629495 0.31445 0.711617 0.666065 0.246753 0.700954 165 2
P 94 0 0.290615 0.158109 0.213219 0.249618 0.121309 0.273767 178 68
P 95 0 0.737754 0.492438 0.595661 0.755762 0.536695 0.661236 167 118
P 96 0 0.164737 0.276075 0.0912194 0.0913438 0.30477 0.087547 36 72
P 97 0 0.72077 0.696291 0.730962 0.6516 0.73528 0.719252 7 140
P 98 0 0.817246 0.215905 0.129423 0.81965 0.138825 0.106366 83 65
P 99 0 0.0683941 0.154909 0.329666 0.102286 0.168924 0.258465 126 55
P 100 0 0.473178 0.779335 0.615778 0.515184 0.734097 0.57925 33 93
P 101 0 0.124753 0.328833 0.322056 0.079019 0.363457 0.373773 122 76
P 102 0 0.872666 -0.00467566 0.334513 0.903443 0.0477607 0.385775 163 111
P 103 0 0.589223 0.597207 0.779411 0.598481 0.672573 0.760043 88 157
P 104 0 0.113352 0.228434 0.147485 0.152283 0.252213 0.213694 72 97
P 105 0 0.601519 0.39648 0.781808 0.563635 0.375609 0.706596 100 164
P 106 0 0.875161 0.943052 0.344867 0.913781 0.975046 0.406604 181 197
P 107 0 0.265812 0.375884 0.18763 0.270842 0.332916 0.123686 116 133
P 108 0 0.747269 0.832111 0.788107 0.79122 0.884619 0.836689 182 196
P 109 0 0.433674 0.811813 0.675467 0.47865 0.775603 0.624985 152 33
P 110 0 0.338657 0.297245 0.0646353 0.366534 0.370985 0.0765915 14 28
P 111 0 0.715662 0.695232 0.624682 0.703509 0.727108 0.549985 78 195
P 112 0 0.046386 0.297009 0.351645 0.0996553 0.237658 0.336993 35 23
P 113 0 0.293129 0.304516 0.164878 0.34311 0.329887 0.227469 84 66
P 114 0 0.781395 0.852778 0.724783 0.806294 0.891013 0.788221 196 105
P 115 0 0.818426 0.0777149 0.21765 0.897572 0.0797452 0.205612 173 147
P 116 0 0.56836 0.70766 0.611443 0.618493 0.749686 0.568736 93 69
P 117 0 0.53066 0.726403 0.58862 0.47232 0.77992 0.614334 93 33
P 118 0 0.0990817 0.233756 0.339697 0.127374 0.303527 0.361352 23 122
P 119 0 0.683385 0.809756 0.86513 0.607999 0.839322 0.883461 101 91
P 120 0 0.592763 0.783274 0.703905 0.521335 0.746493 0.696803 176 33
P 121 0 0.278205 0.33155 0.272162 0.294107 0.40377 0.244534 186 116
P 122 0 0.591539 0.761504 0.591044 0.601052 0.691408 0.631235 69 93
P 123 0 0.301607 0.193154 0.10493 0.292581 0.271406 0.114264 61 66
P 124 0 0.133379 0.245546 0.451385 0.116107 0.191518 0.401432 122 31
P 125 0 0.832864 0.855909 0.662466 0.813534 0.80865 0.723042 41 190
P 126 0 0.923922 0.978099 0.38993 0.87068 0.936025 0.35253 197 181
P 127 0 0.635891 0.563942 0.729067 0.676093 0.624887 0.758171 137 32
P 128 0 0.157083 0.37701 0.255609 0.189437 0.423649 0.199766 82 141
P 129 0 0.249742 0.16365 0.282503 0.292361 0.158014 0.213374 107 178
P 130 0 0.764674 0.572374 0.656059 0.833752 0.613452 0.669057 118 98
P 131 0 0.785624 0.937304 0.687568 0.783986 0.891184 0.755317 38 105
P 132 0 0.124821 0.11933 0.225243 0.151099 0.195733 0.22111 55 97
P 133 0 -0.00471274 0.232921 0.194319 0.0136575 0.154494 0.192817 135 113
P 134 0 0.915741 0.785799 0.80402 0.839633 0.786003 0.775409 80 120
P 135 0 0.124427 0.285298 0.0797507 0.067405 0.227252 0.0855383 40 143
P 136 0 0.198942 0.951883 0.429057 0.168552 0.97942 0.496251 12 129
P 137 0 0.884233 0.95728 0.329351 0.831943 0.92662 0.280288 181 125
P 138 0 0.814192 0.149763 0.124388 0.854707 0.212168 0.128651 65 83
P 139 0 0.1606 0.170592 0.397321 0.184259 0.138787 0.333446 102 191
P 140 0 0.12815 0.288787 0.0872314 0.0643654 0.240154 0.0752639 40 143
P 141 0 0.286455 0.430849 0.254024 0.329122 0.367738 0.24141 169 84
P 142 0 0.732499 0.580848 0.61093 0.730205 0.655918 0.644128 77 7
P 143 0 0.512977 0.325075 0.755532 0.485143 0.401983 0.750138 142 179
P 144 0 0.124936 0.285776 0.0807747 0.0649963 0.237476 0.0773967 40 143
P 145 0 0.737451 0.660869 0.792412 0.799941 0.699433 0.808433 16 119
P 146 0 0.640505 0.679274 0.770415 0.64115 0.758704 0.769897 140 101
P 147 0 0.625482 0.716959 0.88662 0.636315 0.79491 0.873274 16 130
P 148 0 0.717054 0.531212 0.62313 0.754935 0.518792 0.553631 114 167
P 149 0 0.132543 0.357889 0.124789 0.173911 0.354117 0.0647082 169 36
P 150 0 0.749341 0.58439 0.614544 0.811143 0.632743 0.604916 77 146
P 151 0 0.94262 0.0383329 0.274949 0.89773 0.10325 0.262807 103 175
P 152 0 0.333811 0.319125 0.206636 0.379423 0.346698 0.25888 66 74
P 153 0 0.152892 0.281279 0.209878 0.151146 0.31034 0.133439 97 40
P 154 0 0.584128 0.657127 0.811896 0.512484 0.63378 0.815285 88 157
P 155 0 0.590168 0.586093 0.773386 0.579427 0.663978 0.772283 88 157
P 156 0 0.249364 0.933474 0.537616 0.217197 0.990803 0.493423 85 95
P 157 0 0.144665 0.0669504 0.340221 0.107781 0.136397 0.323279 99 126
P 158 0 0.928017 0.297517 0.284827 0.988172 0.272986 0.2341 189 154
P 159 0 0.355574 0.362275 0.0894456 0.363809 0.403992 0.0217499 28 133
P 160 0 0.806792 0.919783 0.763019 0.790742 0.88307 0.831245 27 196
P 161 0 0.972394 0.0298692 0.25735 0.933216 0.060074 0.31927 132 53
P 162 0 0.345187 0.332292 0.232124 0.346495 0.398254 0.278351 66 84
P 163 0 0.129229 0.356318 0.122007 0.0947404 0.292989 0.0967976 169 72
P 164 0 0.960026 0.0936024 0.294002 0.955384 0.105331 0.215505 150 132
P 165 0 0.682859 0.364867 0.671033 0.672525 0.369275 0.590551 165 1
P 166 0 0.93517 0.0228308 0.295109 1.00303 0.00191298 0.259867 103 197
P 167 0 0.75159 0.875672 0.609318 0.671215 0.876167 0.607946 38 182
P 168 0 0.671419 0.0780498 0.248462 0.600362 0.111876 0.232497 185 37
P 169 0 0.774319 0.692762 0.509552 0.734941 0.742357 0.463229 195 193
P 170 0 0.293934 0.295476 0.251162 0.320129 0.30329 0.175984 186 66
P 171 0 0.843609 0.75609 0.8362 0.911387 0.788765 0.814917 59 80
P 172 0 0.282408 0.341759 0.111004 0.330015 0.301643 0.0603079 133 14
P 173 0 0.14101 0.404711 0.370513 0.0862616 0.343698 0.368561 3 76
P 174 0 0.930992 0.014138 0.306414 0.899948 -0.0116449 0.236286 103 175
P 175 0 0.207551 0.0895037 0.307098 0.171535 0.118504 0.366637 126 191
P 176 0 0.128168 0.29586 0.373258 0.0533435 0.305436 0.374718 122 35
P 177 0 0.963617 0.0688076 0.235758 0.998318 0.109079 0.179961 132 192
P 178 0 0.109396 0.135638 0.323017 0.182395 0.135814 0.338309 126 191
P 179 0 0.459954 0.788353 0.593529 0.405462 0.826356 0.638364 33 9
P 180 0 0.126345 0.313464 0.345922 0.17935 0.326803 0.290602 122 82
P 181 0 0.578572 0.722463 0.847317 0.562348 0.718522 0.765809 88 33
P 182 0 0.635797 0.301562 0.742776 0.644917 0.220933 0.741127 199 2
P 183 0 0.582802 0.672721 0.820351 0.560744 0.719616 0.76311 88 33
P 184 0 0.224255 0.865481 0.506305 0.260919 0.897014 0.574331 161 162
P 185 0 0.179122 0.0413747 0.346503 0.193112 -0.0298603 0.384274 99 12
P 186 0 0.828786 0.857162 0.614964 0.757586 0.886531 0.623104 41 38
P 187 0 0.0781616 0.395861 0.31695 0.120338 0.371471 0.255849 158 122
P 188 0 0.805984 0.891015 0.787764 0.750326 0.830341 0.795349 105 182
P 189 0 0.899455 1.01389 0.242181 0.836021 0.967817 0.255962 175 125
P 190 0 0.571743 0.712115 0.781617 0.502133 0.724518 0.819636 33 52
P 191 0 0.217067 0.471776 0.353792 0.170387 0.401172 0.362808 186 3
P 192 0 0.358978 0.400298 0.0270468 0.431161 0.422344 0.000792872 133 28
P 193 0 0.681542 0.688876 0.839452 0.696351 0.622144 0.882895 16 119
P 194 0 0.77526 0.687671 0.668333 0.848738 0.722732 0.662016 114 32
P 195 0 0.792387 0.888401 0.849981 0.75353 0.828485 0.802937 196 182
P 196 0 0.224471 0.851991 0.528109 0.277906 0.849209 0.469181 161 95
P 197 0 0.653417 0.23131 0.724981 0.608366 0.277628 0.766026 2 199
P 198 0 0.171641 0.334801 0.0712701 0.152249 0.367231 0.141336 36 169
P 199 0 0.188071 0.384211 0.171414 0.192772 0.323902 0.222553 169 141
P 200 0 0.682613 0.645558 0.315319 0.647285 0.696305 0.367747 25 0
P 201 0 0.202312 0.941331 0.454943 0.210113 1.00733 0.496252 12 95
P 202 0 0.597713 0.360316 0.788087 0.572132 0.437677 0.770222 164 179
P 203 0 0.699828 0.357376 0.637217 0.651197 0.334953 0.695113 1 165
P 204 0 0.735088 0.694334 0.792862 0.757967 0.756047 0.839249 98 120
P 205 0 0.894743 0.244108 0.239058 0.957858 0.231853 0.196783 89 135
P 206 0 0.337788 0.297687 0.0642004 0.272913 0.248643 0.0702001 14 66
P 207 0 0.799034 0.217722 0.129799 0.789842 0.198569 0.204802 83 65
P 208 0 0.104294 0.294503 0.355586 0.0294957 0.265729 0.341038 76 31
P 209 0 0.0360481 0.260114 0.345607 0.038623 0.32765 0.298501 31 115
P 210 0 0.067056 0.228734 0.0843585 0.092332 0.301343 0.0902385 143 72
P 211 0 0.269879 0.350646 0.283279 0.330866 0.370802 0.245119 186 84
P 212 0 0.790206 0.676082 0.630627 0.770481 0.678381 0.705601 146 32
P 213 0 0.106329 0.283055 0.305541 0.0477319 0.298639 0.356108 23 35
P 214 0 0.932565 0.980701 0.375719 0.890975 1.00773 0.310151 197 163
P 215 0 0.728525 0.569889 0.565132 0.709908 0.512003 0.617581 127 114
P 216 0 0.122286 0.352659 0.285059 0.153927 0.330652 0.203395 122 97
P 217 0 0.856473 0.333757 0.199623 0.937148 0.32255 0.192934 172 154
P 218 0 0.161165 0.134095 0.278629 0.183627 0.163916 0.203721 68 178
P 219 0 0.491259 0.758073 0.790569 0.553121 0.724815 0.750284 52 33
P 220 0 0.199443 0.950315 0.432904 0.173391 0.983269 0.502748 12 129
P 221 0 0.801414 0.695912 0.688373 0.798153 0.659633 0.620869 32 146
P 222 0 0.235382 0.200465 0.378654 0.278442 0.209135 0.446651 82 102
P 223 0 0.822607 0.0585441 0.421563 0.878763 0.0394495 0.368595 49 111
P 224 0 0.169906 0.320047 0.0762821 0.231475 0.342042 0.118574 36 116
P 225 0 0.749041 0.509752 0.568048 0.677334 0.540433 0.562735 167 127
P 226 0 0.67565 0.624636 0.758417 0.736309 0.661441 0.793373 32 16
P 227 0 0.282918 0.147525 0.0455988 0.302319 0.194209 0.105665 184 61
P 228 0 0.895955 0.269373 0.19055 0.977316 0.232408 0.195502 89 135
P 229 0 0.912194 0.788215 0.812897 0.84958 0.790292 0.861759 80 59
P 230 0 0.688354 0.866239 0.648547 0.742176 0.858625 0.587673 182 38
P 231 0 0.323865 0.337076 0.126636 0.35176 0.267465 0.15673 28 61
P 232 0 0.491793 0.766639 0.647099 0.515287 0.734046 0.579313 33 93
P 233 0 0.841949 0.077105 0.333184 0.830828 0.116251 0.398684 173 49
P 234 0 0.609954 0.839147 0.876886 0.655764 0.878214 0.822683 91 27
P 235 0 0.487908 0.768417 0.781609 0.461702 0.793305 0.850171 52 17
P 236 0 0.142527 0.120066 0.317644 0.0625202 0.127923 0.325247 126 99
P 237 0 0.358683 0.277723 0.16388 0.394638 0.26876 0.0926666 61 14
P 238 0 0.70251 0.658597 0.608296 0.642441 0.670831 0.656291 78 93
P 239 0 0.891403 0.968525 0.317088 0.834797 0.955451 0.263264 181 125
P 240 0 0.823314 0.780017 0.788166 0.83459 0.704427 0.797593 120 59
P 241 0 0.704343 0.640898 0.742437 0.659759 0.575913 0.743834 32 137
P 242 0 0.00676951 0.254922 0.249104 0.0425337 0.314856 0.287931 154 115
P 243 0 0.193 0.0963431 0.309458 0.164599 0.107449 0.384728 126 191
P 244 0 0.491653 0.766736 0.646862 0.487614 0.841788 0.667383 33 152
P 245 0 0.916263 0.975793 0.402524 0.872733 0.939244 0.349019 197 181
P 246 0 0.641972 0.686677 0.763653 0.718831 0.704587 0.748804 140 7
P 247 0 0.316421 0.313804 0.34144 0.353371 0.287859 0.276325 63 104
P 248 0 0.839857 0.786085 0.775234 0.847008 0.851566 0.8272 120 41
P 249 0 0.637473 0.541756 0.616712 0.593398 0.478597 0.633583 60 96
P 250 0 0.246406 0.145329 0.349155 0.235063 0.123413 0.274567 107 68
P 251 0 0.302179 0.276564 0.240153 0.347417 0.334872 0.237119 186 66
P 252 0 0.81476 0.189859 0.15082 0.887169 0.208929 0.127981 192 83
P 253 0 0.710328 0.853511 0.700598 0.648179 0.835736 0.748314 182 91
P 254 0 0.983151 0.210514 0.26731 0.951739 0.231678 0.197186 113 135
P 255 0 0.925873 1.00349 0.320268 0.922442 0.977653 0.392365 103 197
P 256 0 0.773994 0.742023 0.325403 0.819311 0.799006 0.35564 25 125
P 257 0 0.63497 0.740691 0.83667 0.633898 0.749938 0.753545 130 101
P 258 0 0.89787 0.360702 0.161245 0.898406 0.320461 0.0924615 154 89
P 259 0 0.243086 0.412098 0.319051 0.278127 0.426901 0.247032 186 169
P 260 0 0.638292 0.755249 0.763453 0.640482 0.679158 0.770522 101 140
P 261 0 0.780856 0.85103 0.718642 0.825147 0.81208 0.659394 196 190
P 262 0 0.37294 0.298848 0.178606 0.308064 0.324518 0.145169 61 28
P 263 0 0.308427 0.452858 0.850705 0.3239 0.381314 0.877137 168 67
P 264 0 0.209615 0.918463 0.511038 0.265522 0.878093 0.474126 12 95
P 265 0 0.713533 0.304707 0.610782 0.668105 0.371201 0.582996 2 1
P 266 0 0.0518095 0.303578 0.36963 0.129015 0.287679 0.385961 35 122
P 267 0 0.687109 0.552677 0.490744 0.658376 0.529525 0.561848 56 127
P 268 0 0.638513 0.464915 0.785547 0.610323 0.389516 0.79193 179 100
P 269 0 0.638392 0.212967 0.753522 0.577838 0.25099 0.791901 2 199
P 270 0 0.966344 0.295309 0.140711 0.898376 0.31984 0.0936528 172 89
P 271 0 0.695809 0.861921 0.666205 0.621314 0.85589 0.694757 182 26
P 272 0 0.538431 0.734833 0.725568 0.573782 0.803779 0.705795 33 176
P 273 0 0.819136 0.215717 0.129384 0.801716 0.227396 0.207066 83 135
P 274 0 0.393314 0.292293 0.132706 0.337506 0.347917 0.110637 177 28
P 275 0 0.789041 0.891145 0.762773 0.728038 0.843251 0.742551 105 182
P 276 0 0.936823 0.0397563 0.239408 0.908004 0.106014 0.206182 181 147
P 277 0 0.304536 0.197495 0.107956 0.266378 0.154896 0.0491844 61 184
P 278 0 0.231861 0.328638 0.030322 0.169133 0.313468 0.078517 153 36
P 279 0 0.893956 0.0258641 0.282719 0.83779 -0.0143179 0.245413 53 125
P 280 0 0.122147 0.353996 0.282984 0.114062 0.410533 0.33744 122 158
P 281 0 0.852831 0.808913 0.875675 0.855227 0.730479 0.890279 59 123
P 282 0 0.696488 0.641822 0.600792 0.632465 0.620798 0.636082 78 22
P 283 0 0.0786789 0.980455 0.210581 0.0107903 1.00425 0.2471 19 197
P 284 0 0.30456 0.324595 0.189183 0.368324 0.285397 0.200723 84 70
P 285 0 0.207272 0.925797 0.493047 0.211183 1.00483 0.495825 12 95
P 286 0 0.0195633 0.143649 0.178396 0.0809792 0.169637 0.13142 113 143
P 287 0 0.899632 0.346025 0.0433787 0.949489 0.373337 -0.0186143 89 50
P 288 0 0.770181 0.644473 0.764874 0.807596 0.705145 0.80293 16 119
P 289 0 0.0731465 0.202883 0.104945 0.121208 0.201186 0.16888 143 72
P 290 0 0.819023 0.61525 0.730952 0.764249 0.670429 0.756271 59 98
P 291 0 0.691843 0.864218 0.65681 0.6486 0.921386 0.618196 182 171
P 292 0 0.295851 0.851543 0.544603 0.244503 0.902578 0.586992 85 162
P 293 0 0.354501 0.277448 0.205896 0.375292 0.308822 0.272049 70 104
P 294 0 0.894765 0.938755 0.40445 0.819377 0.959228 0.405423 103 163
P 295 0 0.723239 0.704048 0.807731 0.763088 0.648026 0.770843 98 16
P 296 0 0.635497 0.737108 0.69965 0.569849 0.71761 0.666648 176 94
P 297 0 0.100008 0.173939 0.261824 0.149549 0.121812 0.230816 55 97
P 298 0 0.582471 0.976358 0.686917 0.59804 0.903155 0.650832 106 152
P 299 0 0.791277 0.884805 0.837341 0.714975 0.872262 0.84803 196 8
P 300 0 0.838893 0.785731 0.775988 0.911756 0.788514 0.813995 120 80
P 301 0 0.729056 0.69928 0.800432 0.719295 0.741861 0.86948 98 120
P 302 0 -0.0169784 0.103474 0.36564 0.031629 0.150852 0.319615 53 99
P 303 0 0.606069 0.292318 0.729433 0.577642 0.250819 0.792067 165 199
P 304 0 0.644391 0.69889 0.752496 0.719524 0.701622 0.742427 140 7
P 305 0 0.786917 0.689716 0.817795 0.777242 0.640936 0.758934 119 16
P 306 0 0.255031 0.923487 0.538468 0.223211 0.976777 0.491022 85 95
P 307 0 0.632777 0.713305 0.880482 0.636259 0.792656 0.871752 16 130
P 308 0 0.689476 0.371118 0.666001 0.674725 0.368316 0.594311 165 1
P 309 0 0.863026 0.73168 0.893631 0.852162 0.805083 0.872813 123 59
P 310 0 0.587751 0.614514 0.788794 0.512761 0.633905 0.815106 88 157
P 311 0 0.160438 0.239496 0.103645 0.111214 0.272915 0.0532014 36 40
P 312 0 0.760347 0.891531 0.629452 0.829722 0.856874 0.62587 38 41
P 313 0 0.706956 0.426714 0.564289 0.721344 0.467266 0.635805 112 167
P 314 0 0.790097 0.973081 0.737533 0.76945 0.909505 0.777771 128 27
P 315 0 0.400113 0.497227 0.325949 0.361905 0.425321 0.311116 44 84
P 316 0 0.358884 0.293131 0.27525 0.356312 0.215015 0.298632 104 63
P 317 0 1.00173 0.176388 0.221932 0.939142 0.177389 0.175548 113 132
P 318 0 0.590774 0.36343 0.771494 0.588601 0.444435 0.774024 164 179
P 319 0 0.573023 0.419018 0.749046 0.494421 0.40579 0.75228 100 179
P 320 0 0.373727 0.342885 0.308408 0.331591 0.276237 0.325161 74 63
P 321 0 0.0879226 0.39985 0.322521 0.0334882 0.344449 0.31238 158 115
P 322 0 0.641125 0.216303 0.748331 0.627801 0.294586 0.749553 2 199
P 323 0 0.27704 0.334223 0.273718 0.280347 0.387925 0.333964 186 3
P 324 0 0.58109 0.664729 0.771214 0.580485 0.699972 0.835124 157 88
P 325 0 0.220554 0.884209 0.595066 0.278382 0.882332 0.541977 12 85
P 326 0 0.634376 0.540607 0.614271 0.710347 0.513183 0.617922 60 114
P 327 0 0.757147 0.81079 0.676368 0.697168 0.861133 0.669425 78 182
P 328 0 0.391063 0.35449 0.15767 0.41349 0.276784 0.149087 74 177
P 329 0 0.192445 0.297277 0.31118 0.194421 0.274565 0.233824 82 141
P 330 0 0.790809 0.883287 0.832009 0.748213 0.831565 0.790342 196 182
P 331 0 0.921442 0.053822 0.398304 0.981428 0.0160236 0.360487 111 150
P 332 0 0.912958 0.974798 0.407958 0.841323 0.974094 0.37622 197 163
P 333 0 0.694955 0.426785 0.700363 0.688913 0.34791 0.697756 167 199
P 334 0 0.0412676 0.29081 0.334671 0.115786 0.263151 0.347317 35 76
P 335 0 0.319842 0.351437 0.221678 0.3484 0.27394 0.20818 84 70
P 336 0 0.197746 0.955627 0.419874 0.166193 0.977543 0.493082 12 129
P 337 0 0.400878 0.758289 0.196311 0.347736 0.764086 0.139026 136 183
P 338 0 0.116918 0.136723 0.236894 0.0808027 0.189655 0.184494 55 115
P 339 0 0.792689 0.761758 0.327466 0.823061 0.836886 0.333273 25 125
P 340 0 0.255033 0.192714 0.176768 0.234119 0.208223 0.250948 107 70
P 341 0 0.961667 0.0848653 0.345758 0.954337 0.0648996 0.421202 53 111
P 342 0 0.116301 0.218205 0.155517 0.151036 0.192753 0.221501 72 97
P 343 0 0.896122 0.0277507 0.284735 0.916693 -0.0156155 0.345109 53 103
P 344 0 0.351359 0.290782 0.0709957 0.405867 0.342011 0.0935569 14 131
P 345 0 0.255999 0.194742 0.295321 0.228052 0.124426 0.274952 104 68
P 346 0 0.151914 0.367072 0.141054 0.190559 0.390085 0.207434 169 141
P 347 0 0.783063 0.685512 0.698594 0.826259 0.656703 0.761929 32 59
P 348 0 0.205896 0.191993 0.26151 0.244048 0.122114 0.274073 70 68
P 349 0 0.905671 0.890251 0.934796 0.859697 0.823979 0.944296 105 80
P 350 0 0.590055 0.587426 0.774109 0.59298 0.603855 0.696255 88 4
P 351 0 0.706735 0.567452 0.671303 0.710119 0.51257 0.617745 60 114
P 352 0 0.877524 0.733913 0.89986 0.851406 0.683149 0.955448 123 198
P 353 0 0.551816 0.651523 0.790019 0.58561 0.635644 0.862409 157 54
P 354 0 0.909385 0.969177 0.364886 0.909065 0.931846 0.290746 103 174
P 355 0 0.163544 0.372585 0.15082 0.233923 0.344455 0.123497 169 116
P 356 0 0.753365 0.800256 0.671657 0.699248 0.859928 0.674353 78 182
P 357 0 0.790885 0.883534 0.832874 0.71442 0.86827 0.84569 196 8
P 358 0 0.302835 0.247738 0.225232 0.344824 0.279685 0.277993 70 104
P 359 0 0.71561 0.395809 0.646126 0.688769 0.417296 0.715496 165 167
P 360 0 0.224854 0.828029 0.566837 0.278521 0.882086 0.541998 161 85
P 361 0 0.156424 0.169226 0.395573 0.0841704 0.132317 0.409977 102 23
P 362 0 0.424058 0.821762 0.62999 0.47683 0.8118 0.68598 9 69
P 363 0 0.214634 0.902745 0.549596 0.223963 0.883686 0.476883 12 161
P 364 0 0.865834 0.819799 0.928937 0.891815 0.890357 0.914359 80 105
P 365 0 0.886659 0.805612 0.876813 0.910313 0.738961 0.91395 80 123
P 366 0 0.269237 0.422687 0.239567 0.325431 0.479382 0.234203 169 180
P 367 0 0.385257 0.273533 0.0879695 0.353883 0.27061 0.158922 14 61
P 368 0 0.898512 0.26939 0.283919 0.895652 0.263048 0.202692 189 89
P 369 0 0.635249 0.595559 0.310093 0.581503 0.601708 0.374235 25 155
P 370 0 0.580664 0.367967 0.747318 0.512497 0.324932 0.755623 164 142
P 371 0 0.61695 0.285118 0.75875 0.555633 0.337739 0.747454 199 142
P 372 0 0.365721 0.283474 0.0781871 0.357822 0.364062 0.086809 14 28
P 373 0 0.385416 0.35071 0.206768 0.374422 0.30799 0.272219 74 104
P 374 0 0.661583 0.24128 0.709469 0.622922 0.30824 0.716616 2 165
P 375 0 0.587642 0.47655 0.621838 0.561081 0.526422 0.682785 96 137
P 376 0 0.46308 0.828155 0.67106 0.527632 0.789525 0.643935 152 69
P 377 0 0.362007 0.367387 0.0819008 0.345723 0.29365 0.0681735 28 14
P 378 0 0.86829 0.210813 0.128371 0.803946 0.1703 0.158226 83 65
P 379 0 0.635306 0.361393 0.732367 0.577662 0.415349 0.754379 142 100
P 380 0 0.598132 0.284819 0.735469 0.654121 0.232171 0.723643 165 2
P 381 0 0.162448 0.364914 0.26404 0.233501 0.389634 0.250944 82 188
P 382 0 0.751034 0.517764 0.663983 0.740864 0.595212 0.641621 118 114
P 383 0 0.931378 -0.0196566 0.377671 0.916574 0.0521827 0.394915 197 111
P 384 0 0.666485 0.878907 0.596742 0.733251 0.842464 0.567155 182 38
P 385 0 0.94016 0.165609 0.232292 0.894585 0.240807 0.245395 150 89
P 386 0 0.871553 0.732993 0.897295 0.852979 0.809763 0.87631 123 59
P 387 0 0.695874 0.861883 0.666361 0.756944 0.885368 0.621628 182 38
P 388 0 0.825853 0.685426 0.354659 0.769425 0.7372 0.324899 109 25
P 389 0 0.993524 0.112625 0.375417 0.985104 0.0752605 0.442619 53 111
P 390 0 0.750009 0.584531 0.614688 0.730429 0.654959 0.642065 77 7
P 391 0 0.918558 0.14418 0.167298 0.944812 0.148749 0.246742 192 150
P 392 0 0.247541 0.936687 0.537342 0.25926 0.892698 0.476627 85 95
P 393 0 0.494312 0.625583 0.826957 0.55314 0.591807 0.781977 157 54
P 394 0 0.744245 0.862373 0.592432 0.687072 0.866982 0.64551 38 182
P 395 0 0.17767 0.386095 0.0538455 0.243752 0.346477 0.0324478 36 153
P 396 0 0.175222 0.365269 0.0609199 0.25263 0.359796 0.034035 36 153
P 397 0 0.591918 0.278948 0.740195 0.656253 0.234773 0.719593 165 2
P 398 0 0.610793 0.86487 0.717785 0.603203 0.906024 0.650058 26 152
P 399 0 0.939433 0.982768 0.364428 0.882256 1.00182 0.321752 197 163
