400 
 5.200000
P 0 0 0.638451 0.543423 0.551527 0.607206 0.597423 0.50252 123 185
P 1 0 0.793374 0.564168 0.715001 0.722307 0.571469 0.751656 152 171
P 2 0 0.714107 0.606042 0.386705 0.789555 0.611572 0.389089 150 83
P 3 0 0.871619 0.655953 0.626473 0.938932 0.616247 0.634425 152 195
P 4 0 0.758089 0.640432 0.79643 0.722092 0.578234 0.770173 182 171
P 5 0 0.618308 0.646106 0.614243 0.679867 0.63845 0.662373 120 80
P 6 0 0.931172 0.546731 0.935402 0.974302 0.537889 1.00201 177 105
P 7 0 0.665682 0.558556 0.658765 0.614211 0.611027 0.631093 118 120
P 8 0 0.880693 0.630001 0.831059 0.805747 0.613261 0.826043 29 38
P 9 0 0.693869 0.487317 0.617051 0.655432 0.550189 0.586944 93 183
P 10 0 0.719526 0.843669 0.566655 0.726189 0.896652 0.61811 52 94
P 11 0 0.913676 0.661614 0.516653 0.905846 0.696103 0.587746 22 152
P 12 0 0.843435 0.634286 0.440881 0.850218 0.701725 0.480789 60 176
P 13 0 0.712839 0.577678 0.920422 0.786676 0.577015 0.953835 190 41
P 14 0 0.782175 0.636945 0.349126 0.76902 0.680183 0.291516 175 97
P 15 0 0.200956 0.912067 0.539725 0.125963 0.889153 0.541559 154 32
P 16 0 0.884473 0.671031 0.611929 0.884817 0.603025 0.652536 152 93
P 17 0 0.718746 0.630643 0.362949 0.783126 0.61177 0.403976 97 83
P 18 0 0.835108 0.704511 0.404964 0.757777 0.689488 0.399346 197 13
P 19 0 0.825389 0.542424 0.984162 0.807936 0.485764 0.933772 117 196
P 20 0 0.715714 0.844192 0.567069 0.692716 0.787512 0.514303 52 25
P 21 0 0.915337 0.531121 0.831315 0.86329 0.591734 0.832856 132 41
P 22 0 0.675861 0.883935 0.641425 0.662413 0.851503 0.572857 157 52
P 23 0 0.82636 0.829016 0.555054 0.780257 0.871897 0.60369 52 94
P 24 0 0.695304 0.587236 0.374626 0.650378 0.652393 0.375988 150 184
P 25 0 0.850766 0.786701 0.615499 0.84774 0.767383 0.538009 101 33
P 26 0 0.846443 0.634097 0.437122 0.910452 0.660805 0.474008 60 22
P 27 0 0.871662 0.650552 0.834672 0.836016 0.609614 0.776733 29 38
P 28 0 0.814141 0.746608 0.696354 0.746821 0.781334 0.683082 179 54
P 29 0 0.658765 0.556403 0.66231 0.630068 0.605587 0.717712 118 80
P 30 0 0.793785 0.611441 0.379292 0.772126 0.647446 0.317343 83 173
P 31 0 0.674328 0.444941 0.829874 0.706954 0.487427 0.888209 133 64
P 32 0 0.739192 0.377334 0.896441 0.727469 0.407653 0.823688 133 70
P 33 0 0.766145 0.67735 0.2956 0.725294 0.607332 0.312119 97 173
P 34 0 0.892947 0.61818 0.994469 0.966282 0.583359 0.980826 91 88
P 35 0 0.721017 0.632882 0.359721 0.764306 0.656249 0.41895 97 150
P 36 0 0.809303 0.779727 0.605118 0.864731 0.833222 0.581162 140 94
P 37 0 0.696387 0.909912 0.66744 0.673196 0.835097 0.70443 1 81
P 38 0 0.857346 0.445089 0.994334 0.828246 0.516862 0.997464 102 117
P 39 0 0.636691 0.605226 0.42312 0.620097 0.607459 0.348616 3 184
P 40 0 0.608561 0.562642 0.654335 0.686607 0.565071 0.64804 120 118
P 41 0 0.778088 0.805075 0.629207 0.822496 0.852559 0.592426 101 94
P 42 0 0.859283 0.62061 0.619625 0.937115 0.614892 0.628554 96 195
P 43 0 0.711559 0.507097 0.834887 0.649407 0.470915 0.804299 64 133
P 44 0 0.690358 0.525085 0.197436 0.689585 0.586821 0.255323 20 75
P 45 0 0.229494 0.331983 0.924048 0.221708 0.35733 0.851455 55 131
P 46 0 0.785095 0.654716 0.63886 0.77351 0.592127 0.6035 142 118
P 47 0 0.835496 0.609677 0.777579 0.876858 0.638729 0.832593 38 29
P 48 0 0.814022 0.484489 0.936519 0.752409 0.527863 0.902033 196 161
P 49 0 0.638985 0.530426 0.26215 0.684249 0.572175 0.30754 199 173
P 50 0 0.762406 0.448431 0.851218 0.70739 0.489291 0.883157 177 64
P 51 0 0.901632 0.664691 0.840623 0.871123 0.593239 0.820487 112 41
P 52 0 0.732861 0.644552 0.342893 0.770083 0.575724 0.356318 97 175
P 53 0 0.846656 0.672662 0.387848 0.783915 0.645755 0.348091 197 175
P 54 0 0.681458 0.590896 0.55565 0.758697 0.575485 0.554773 183 114
P 55 0 0.842036 0.577101 0.644586 0.837262 0.653917 0.662238 93 78
P 56 0 0.737018 0.640983 0.57387 0.727354 0.662681 0.500465 60 183
P 57 0 0.525733 0.691296 0.733651 0.551047 0.646252 0.794925 134 8
P 58 0 0.569294 0.643625 0.744883 0.522795 0.707175 0.725574 8 134
P 59 0 0.739329 0.650926 0.333702 0.744819 0.636759 0.406433 97 150
P 60 0 0.763114 0.529277 0.629919 0.711966 0.537558 0.570661 93 114
P 61 0 0.742213 0.667881 0.705037 0.760587 0.690101 0.635288 179 164
P 62 0 0.693054 0.758997 0.293597 0.671382 0.699371 0.344961 68 6
P 63 0 0.83202 0.82824 0.554439 0.855594 0.79038 0.492967 52 33
P 64 0 0.856179 0.70016 0.475939 0.810829 0.636338 0.481628 176 60
P 65 0 0.745412 0.594533 0.935853 0.761234 0.524908 0.905347 190 161
P 66 0 0.773675 0.66562 0.424969 0.783169 0.670009 0.499704 150 167
P 67 0 0.755559 0.667232 0.626356 0.743084 0.668834 0.704932 164 179
P 68 0 0.815356 0.630726 0.968987 0.816218 0.552103 0.950355 190 102
P 69 0 0.737108 0.629047 0.401479 0.767568 0.562994 0.357814 150 175
P 70 0 0.853415 0.501441 0.896616 0.819407 0.543806 0.953765 177 102
P 71 0 0.865679 0.60604 0.728408 0.878314 0.599084 0.651328 38 93
P 72 0 0.839462 0.743147 0.585478 0.830925 0.673766 0.609192 33 96
P 73 0 0.731091 0.642808 0.345407 0.797689 0.61132 0.370253 97 83
P 74 0 0.665572 0.844066 0.0915144 0.620714 0.909548 0.108291 63 109
P 75 0 0.773406 0.592551 0.354342 0.77047 0.612162 0.433283 175 83
P 76 0 0.706022 0.671877 0.567007 0.753885 0.659619 0.623382 54 164
P 77 0 0.847143 0.671317 0.387125 0.901994 0.72959 0.392641 197 14
P 78 0 0.893248 0.819842 0.547791 0.845093 0.759634 0.553187 52 33
P 79 0 0.587308 0.577369 0.765231 0.55187 0.646134 0.792667 80 8
P 80 0 0.859209 0.827849 0.429022 0.818253 0.872559 0.482498 51 86
P 81 0 0.872828 0.822642 0.550008 0.84956 0.787006 0.615726 52 101
P 82 0 0.852496 0.500905 0.896157 0.775576 0.492547 0.919167 177 196
P 83 0 0.930675 0.541754 0.96934 0.924445 0.461343 0.986358 105 196
P 84 0 0.889855 0.889163 0.452144 0.899531 0.834623 0.51598 24 189
P 85 0 0.807133 0.5527 0.876835 0.771165 0.566997 0.808691 105 77
P 86 0 0.871197 0.651611 0.834858 0.850026 0.599458 0.890887 29 50
P 87 0 0.719063 0.630956 0.362498 0.779944 0.611869 0.411345 97 83
P 88 0 0.877607 0.716317 0.654067 0.920366 0.663292 0.605134 7 22
P 89 0 0.711625 0.60356 0.38511 0.774488 0.612037 0.423978 150 83
P 90 0 0.833415 0.709181 0.407474 0.839035 0.70466 0.489885 197 176
P 91 0 0.685071 0.564593 0.648828 0.610375 0.578174 0.646874 118 120
P 92 0 0.677426 0.626231 0.586401 0.654114 0.548127 0.588529 167 183
P 93 0 0.861126 0.687669 0.673248 0.848884 0.640102 0.615799 7 96
P 94 0 0.838003 0.549965 0.89995 0.813232 0.484654 0.936162 105 196
P 95 0 0.759668 0.576274 0.554443 0.736201 0.580511 0.622622 114 118
P 96 0 0.720613 0.632484 0.360295 0.780902 0.611839 0.409127 97 83
P 97 0 0.882976 0.72565 0.647818 0.820486 0.693333 0.605351 7 96
P 98 0 0.763846 0.675084 0.298867 0.779344 0.62261 0.35081 97 175
P 99 0 0.103487 0.357369 0.846308 0.0865061 0.345882 0.919407 37 122
P 100 0 0.818878 0.594085 0.686145 0.778652 0.634029 0.637674 152 142
P 101 0 0.77507 0.612019 0.422631 0.761015 0.687359 0.398966 83 13
P 102 0 0.897558 0.544688 0.944543 0.841703 0.497963 0.935564 105 161
P 103 0 0.913421 0.738994 0.602435 0.838308 0.739765 0.592101 140 33
P 104 0 0.709944 0.601879 0.384031 0.77004 0.612175 0.434279 150 83
P 105 0 0.756801 0.718878 0.741673 0.816339 0.749014 0.696088 100 179
P 106 0 0.614218 0.511192 0.364171 0.605049 0.585129 0.335013 3 184
P 107 0 0.658041 0.461917 0.813159 0.710264 0.501567 0.849878 133 64
P 108 0 0.824215 0.55293 0.978694 0.813083 0.62955 0.967911 117 190
P 109 0 0.882112 0.668261 0.614601 0.826753 0.705934 0.658364 152 33
P 110 0 0.564131 0.524412 0.298027 0.610829 0.497014 0.355283 184 3
P 111 0 0.947781 0.725551 0.60155 0.885085 0.729315 0.645364 140 7
P 112 0 0.781098 0.673044 0.429736 0.793875 0.637405 0.502816 150 60
P 113 0 0.718503 0.572477 0.263046 0.641039 0.55559 0.282729 75 199
P 114 0 0.867156 0.660807 0.836474 0.809125 0.612854 0.82054 29 38
P 115 0 0.726512 0.638296 0.351914 0.707879 0.562133 0.342141 97 180
P 116 0 0.706589 0.598523 0.381876 0.767865 0.564497 0.357637 150 175
P 117 0 0.767943 0.723321 0.547716 0.798468 0.795623 0.538092 176 25
P 118 0 0.736121 0.676393 0.489923 0.795083 0.687032 0.43872 183 150
P 119 0 0.861174 0.606583 0.735749 0.804813 0.584947 0.785382 38 26
P 120 0 0.863155 0.877066 0.536254 0.799029 0.832765 0.558022 189 52
P 121 0 0.820259 0.505143 0.927511 0.829474 0.505871 1.00318 161 117
P 122 0 0.830331 0.607521 0.673186 0.79817 0.55052 0.636434 152 93
P 123 0 0.831555 0.48725 1.01287 0.814034 0.484486 0.936525 117 196
P 124 0 0.498481 0.838586 0.658732 0.555981 0.816866 0.711494 134 178
P 125 0 0.800264 0.613922 0.834976 0.879963 0.631662 0.831351 38 29
P 126 0 0.776179 0.611985 0.420064 0.768537 0.567896 0.357238 83 175
P 127 0 0.716363 0.579502 0.922092 0.771137 0.617431 0.882426 190 38
P 128 0 0.719067 0.63096 0.362492 0.779207 0.653511 0.318133 97 173
P 129 0 0.830322 0.828473 0.554624 0.856552 0.793187 0.487469 52 33
P 130 0 0.70435 0.570595 0.638946 0.775273 0.536645 0.632179 118 93
P 131 0 0.77602 0.692498 0.876177 0.761202 0.618628 0.898611 182 38
P 132 0 0.879937 0.470672 0.96627 0.859099 0.504751 0.899451 196 177
P 133 0 0.682517 0.574446 0.366413 0.617829 0.526302 0.373644 150 3
P 134 0 0.648312 0.553148 0.667668 0.653554 0.547252 0.589202 118 183
P 135 0 0.870653 0.755726 0.603537 0.849482 0.772485 0.528015 140 33
P 136 0 0.796094 0.688042 0.439369 0.848539 0.633965 0.434502 150 60
P 137 0 0.814483 0.636108 0.477063 0.819072 0.7099 0.506125 60 176
P 138 0 0.726213 0.638001 0.352339 0.77122 0.581484 0.355642 97 175
P 139 0 0.861799 0.698685 0.471368 0.80614 0.636633 0.487489 176 60
P 140 0 0.808597 0.680536 0.478856 0.828754 0.722037 0.414382 167 197
P 141 0 0.679583 0.439464 0.835267 0.712511 0.511162 0.823867 133 64
P 142 0 0.771662 0.569532 0.807083 0.762116 0.652124 0.814339 77 182
P 143 0 0.837831 0.824011 0.648569 0.874467 0.828764 0.578565 142 94
P 144 0 0.831075 0.802325 0.647325 0.860109 0.835338 0.582395 142 94
P 145 0 0.804689 0.338185 0.0500361 0.752514 0.290139 0.0926946 135 92
P 146 0 0.829144 0.712933 0.644655 0.858629 0.640715 0.641169 33 152
P 147 0 0.840045 0.651024 0.697783 0.785765 0.610839 0.742261 7 26
P 148 0 0.835886 0.638133 0.52853 0.815885 0.683553 0.472881 114 167
P 149 0 0.757922 0.496248 0.911198 0.701461 0.46397 0.951797 196 64
P 150 0 0.802608 0.574999 0.704554 0.741715 0.611508 0.673761 152 78
P 151 0 0.58455 0.869204 0.700272 0.643822 0.839019 0.654532 1 101
P 152 0 0.28117 0.993395 0.826527 0.28117 0.993395 0.826527 -1 116
P 153 0 0.780652 0.672598 0.42945 0.737315 0.678261 0.488488 150 183
P 154 0 0.829279 0.849453 0.590617 0.768294 0.854967 0.634984 94 17
P 155 0 0.785367 0.718747 0.533542 0.845451 0.76068 0.551137 176 33
P 156 0 0.637769 0.840549 0.655674 0.607637 0.767261 0.677888 101 81
P 157 0 0.810336 0.636369 0.482245 0.848585 0.702154 0.482117 60 176
P 158 0 0.678062 0.697165 0.338471 0.737286 0.648913 0.336606 6 97
P 159 0 0.706344 0.41157 0.862731 0.771472 0.453712 0.855741 133 177
P 160 0 0.687923 0.906831 0.669925 0.739589 0.932391 0.724856 1 137
P 161 0 0.761136 0.61245 0.454899 0.796426 0.675497 0.488835 83 167
P 162 0 0.416833 0.311457 0.481642 0.345379 0.288763 0.456446 82 71
P 163 0 0.716606 0.400875 0.873262 0.75253 0.47209 0.868894 133 77
P 164 0 0.760104 0.652047 0.416251 0.777047 0.610984 0.352176 150 175
P 165 0 0.63471 0.517778 0.611861 0.676641 0.561968 0.653148 183 118
P 166 0 0.811333 0.711932 0.51242 0.852044 0.779985 0.513326 176 33
P 167 0 0.770635 0.564302 0.8104 0.722374 0.569385 0.745953 77 171
P 168 0 0.850252 0.77474 0.523599 0.833766 0.706043 0.494171 33 176
P 169 0 0.833744 0.54562 0.850881 0.805393 0.613304 0.82662 26 38
P 170 0 0.601992 0.875552 0.695152 0.533275 0.913951 0.666881 1 27
P 171 0 0.329044 0.29483 0.383245 0.350739 0.305508 0.460529 9 71
P 172 0 0.818303 0.830121 0.555929 0.836892 0.907709 0.550891 52 189
P 173 0 0.866867 0.616918 0.357891 0.856009 0.668306 0.301925 197 68
P 174 0 0.752457 0.471719 0.86913 0.712701 0.511975 0.821664 77 64
P 175 0 0.911489 0.661065 0.48773 0.845861 0.702869 0.484333 22 176
P 176 0 0.574334 0.819362 0.792855 0.505496 0.856288 0.774807 178 148
P 177 0 0.778099 0.676129 0.396963 0.766102 0.612297 0.443398 13 83
P 178 0 0.741417 0.684677 0.483555 0.761134 0.639465 0.543733 183 60
P 179 0 0.777547 0.7208 0.539903 0.844886 0.759026 0.554376 176 33
P 180 0 0.739521 0.651115 0.33343 0.770635 0.578518 0.35599 97 175
P 181 0 0.566503 0.862634 0.70557 0.543651 0.902629 0.64046 1 27
P 182 0 0.751441 0.621127 0.766862 0.740173 0.698766 0.788689 182 100
P 183 0 0.847575 0.664114 0.689019 0.855522 0.607264 0.744956 7 38
P 184 0 0.866069 0.547478 0.920965 0.825784 0.538896 0.985998 105 117
P 185 0 0.743867 0.655398 0.327255 0.773247 0.591741 0.354437 97 175
P 186 0 0.834008 0.631141 0.896772 0.878116 0.635866 0.83209 50 29
P 187 0 0.831338 0.635048 0.455999 0.844896 0.677514 0.390456 60 197
P 188 0 0.701765 0.465269 0.948276 0.767075 0.494329 0.915329 64 196
P 189 0 0.850286 0.633855 0.43232 0.815167 0.707119 0.451621 60 150
P 190 0 0.727693 0.817815 0.638712 0.764257 0.879223 0.607958 101 94
P 191 0 0.24943 0.00108898 0.749292 0.24943 0.00108898 0.749292 -1 90
P 192 0 0.952455 0.200659 0.871553 0.992551 0.153689 0.821426 194 174
P 193 0 0.883776 0.545909 0.934224 0.840801 0.536028 0.866855 105 26
P 194 0 0.704049 0.531132 0.573353 0.699399 0.569054 0.641484 114 118
P 195 0 0.808679 0.485608 0.934108 0.825386 0.542451 0.984148 196 117
P 196 0 0.314325 0.430176 0.834414 0.363937 0.485135 0.814482 74 127
P 197 0 0.755824 0.668439 0.626827 0.806103 0.722157 0.642728 164 142
P 198 0 0.869599 0.592946 0.822894 0.879663 0.540836 0.879998 41 50
P 199 0 0.70761 0.49023 0.88061 0.69806 0.420206 0.854229 64 133
P 200 0 0.907524 0.768321 0.619248 0.90518 0.695322 0.5885 7 152
P 201 0 0.738896 0.930645 0.723922 0.685664 0.906009 0.670588 137 1
P 202 0 0.79524 0.687284 0.640728 0.805502 0.737153 0.697397 142 179
P 203 0 0.745831 0.604836 0.74191 0.757908 0.648705 0.679196 182 26
P 204 0 0.667692 0.559182 0.657735 0.675436 0.635526 0.667296 118 80
P 205 0 0.546845 0.498761 0.282401 0.62186 0.518736 0.300579 184 173
P 206 0 0.827016 0.486064 0.883447 0.758019 0.500049 0.851159 177 77
P 207 0 0.599697 0.819739 0.126455 0.667045 0.849571 0.0888439 59 63
P 208 0 0.782996 0.669937 0.499846 0.837091 0.634686 0.44881 167 60
P 209 0 0.798256 0.662879 0.394599 0.733866 0.625804 0.399397 13 150
P 210 0 0.732123 0.624061 0.398277 0.803212 0.611149 0.357462 150 83
P 211 0 0.76985 0.645496 0.317089 0.796547 0.709708 0.340578 173 175
P 212 0 0.644368 0.55192 0.669689 0.694872 0.548935 0.728829 118 98
P 213 0 0.812907 0.653248 0.392881 0.818405 0.635861 0.472161 13 60
P 214 0 0.84222 0.75122 0.569666 0.773419 0.721884 0.543261 33 176
P 215 0 0.779264 0.668392 0.502906 0.851652 0.650929 0.52317 167 114
P 216 0 0.857142 0.699907 0.475157 0.817533 0.635916 0.47325 176 60
P 217 0 0.905196 0.594617 0.845844 0.93525 0.672991 0.836328 112 126
P 218 0 0.771299 0.861383 0.673302 0.840982 0.834129 0.649149 17 142
P 219 0 0.797025 0.83304 0.558239 0.802996 0.798778 0.624509 52 101
P 220 0 0.6692 0.850572 0.57212 0.734773 0.815417 0.59675 52 157
P 221 0 0.662436 0.626947 0.681744 0.61058 0.579937 0.646027 80 120
P 222 0 0.845643 0.761243 0.550034 0.83789 0.704961 0.490817 33 176
P 223 0 0.855861 0.647272 0.374204 0.780859 0.630281 0.349909 197 175
P 224 0 0.0864523 0.562561 0.00891268 0.0864523 0.562561 0.00891268 151 -1
P 225 0 0.839696 0.641225 0.527235 0.760174 0.639526 0.544931 114 60
P 226 0 0.610115 0.59242 0.739887 0.59339 0.640155 0.678799 80 8
P 227 0 0.716519 0.608454 0.388254 0.793856 0.611439 0.379128 150 83
P 228 0 0.835672 0.817081 0.648171 0.795501 0.864918 0.599625 142 94
P 229 0 0.651057 0.543347 0.592204 0.609442 0.570187 0.650711 183 120
P 230 0 0.758116 0.640509 0.796548 0.832131 0.610082 0.783061 182 38
P 231 0 0.779696 0.76317 0.562684 0.848374 0.799451 0.549318 157 25
P 232 0 0.922436 0.663812 0.632516 0.858444 0.622184 0.619316 22 96
P 233 0 0.747187 0.639128 0.407954 0.772819 0.589579 0.354691 150 175
P 234 0 0.729986 0.513015 0.677537 0.686491 0.482846 0.61568 98 93
P 235 0 0.783146 0.834943 0.559746 0.768339 0.855062 0.635554 52 17
P 236 0 0.557194 0.817031 0.716874 0.623633 0.783812 0.684364 178 81
P 237 0 0.723159 0.668039 0.25683 0.793448 0.704254 0.256806 16 97
P 238 0 0.878428 0.672189 0.657273 0.873303 0.594331 0.624782 78 96
P 239 0 0.788018 0.611619 0.392649 0.834109 0.634873 0.452536 83 60
P 240 0 0.610735 0.592829 0.739197 0.593135 0.640191 0.679499 80 8
P 241 0 0.938116 0.789604 0.494476 0.857036 0.794604 0.484693 189 33
P 242 0 0.855529 0.761643 0.603927 0.859045 0.835825 0.582678 140 94
P 243 0 0.672558 0.564486 0.360016 0.717343 0.629261 0.364942 150 97
P 244 0 0.827744 0.79163 0.646712 0.769315 0.729796 0.650792 142 164
P 245 0 0.905967 0.579472 0.846973 0.872962 0.647593 0.834152 112 29
P 246 0 0.847538 0.766793 0.539165 0.853883 0.785913 0.614911 33 101
P 247 0 0.8014 0.660812 0.39423 0.839164 0.69319 0.453795 13 167
P 248 0 0.608492 0.562055 0.654617 0.688826 0.565762 0.646903 120 118
P 249 0 0.942691 0.619051 0.646574 0.869228 0.601968 0.623283 195 96
P 250 0 0.837389 0.581824 0.0254294 0.770298 0.573868 -0.020303 91 41
P 251 0 0.835708 0.827734 0.554039 0.855972 0.791487 0.490799 52 33
P 252 0 0.823546 0.715499 0.457003 0.844579 0.678389 0.390926 150 197
P 253 0 0.768831 0.671624 0.844205 0.705978 0.65741 0.88537 182 100
P 254 0 0.743304 0.654843 0.328055 0.67252 0.698996 0.343856 97 6
P 255 0 0.722129 0.819222 0.639762 0.678459 0.880914 0.639455 101 157
P 256 0 0.769763 0.574105 0.356509 0.697608 0.58954 0.376106 175 150
P 257 0 0.67736 0.882192 0.640288 0.663011 0.851421 0.572792 157 52
P 258 0 0.86532 0.508375 0.902554 0.790087 0.515247 0.916181 177 161
P 259 0 0.627052 0.852705 0.706698 0.679007 0.830123 0.647895 159 101
P 260 0 0.693642 0.585573 0.373559 0.625742 0.559411 0.3944 150 3
P 261 0 0.612245 0.594188 0.639182 0.649795 0.541372 0.593723 120 183
P 262 0 0.591855 0.618918 0.567877 0.612199 0.593799 0.639369 123 120
P 263 0 0.818645 0.794821 0.621557 0.772186 0.742854 0.655892 101 164
P 264 0 0.789537 0.7004 0.262364 0.826602 0.750219 0.317341 97 14
P 265 0 0.795516 0.598979 0.592221 0.752421 0.652959 0.620781 118 164
P 266 0 0.9661 0.718385 0.601078 0.915493 0.68864 0.652803 140 78
P 267 0 0.851751 0.658608 0.380296 0.841653 0.694221 0.451754 197 167
P 268 0 0.819234 0.764311 0.645145 0.866817 0.697562 0.666624 142 7
P 269 0 0.750715 0.58503 0.615183 0.785047 0.596871 0.545815 118 114
P 270 0 0.83041 0.716642 0.637391 0.856851 0.785162 0.614351 33 101
P 271 0 0.761751 0.651064 0.812716 0.794654 0.598756 0.762384 182 26
P 272 0 0.937968 0.615528 0.631309 0.909945 0.686178 0.653473 195 78
P 273 0 0.856253 0.646192 0.373623 0.789182 0.611583 0.389951 197 83
P 274 0 0.830215 0.890991 0.487669 0.791044 0.967109 0.476638 86 99
P 275 0 0.881294 0.628633 0.830819 0.844718 0.608566 0.762556 29 38
P 276 0 0.800921 0.731851 0.337977 0.765317 0.676534 0.296777 175 97
P 277 0 0.700029 0.418153 0.85625 0.704842 0.478407 0.912661 133 64
P 278 0 0.582042 0.753444 0.701345 0.52363 0.702661 0.72787 159 134
P 279 0 0.674732 0.56666 0.361412 0.600275 0.578046 0.330698 150 184
P 280 0 0.735556 0.675509 0.490603 0.705095 0.669389 0.564368 183 54
P 281 0 0.809655 0.851642 0.511081 0.826491 0.919844 0.556688 198 189
P 282 0 0.847736 0.608202 0.75764 0.910742 0.654158 0.76206 38 0
P 283 0 0.860782 0.698952 0.472195 0.810348 0.636368 0.48223 176 60
P 284 0 0.826635 0.53128 0.989961 0.878763 0.546353 0.93047 117 105
P 285 0 0.767877 0.564554 0.357631 0.700714 0.592646 0.378101 175 150
P 286 0 0.775368 0.602483 0.353175 0.700049 0.591982 0.377675 175 150
P 287 0 0.793107 0.685055 0.437451 0.733677 0.672571 0.492862 150 183
P 288 0 0.655045 0.549584 0.58741 0.608819 0.564852 0.653273 183 120
P 289 0 0.709395 0.601329 0.383678 0.786134 0.611677 0.397011 150 83
P 290 0 0.673516 0.570781 0.760025 0.596008 0.583111 0.755563 98 80
P 291 0 0.757437 0.638537 0.793528 0.715995 0.669525 0.857048 182 100
P 292 0 0.835085 0.637483 0.528802 0.838739 0.704738 0.490126 114 176
P 293 0 0.802231 0.712909 0.244326 0.744714 0.730247 0.296237 97 68
P 294 0 0.643233 0.582471 0.304713 0.638246 0.634389 0.365021 199 184
P 295 0 0.645773 0.613586 0.330159 0.708828 0.563457 0.342577 199 180
P 296 0 0.839125 0.634558 0.446268 0.854002 0.6524 0.37696 60 197
P 297 0 0.816153 0.484042 0.937481 0.832403 0.47966 1.01682 196 117
P 298 0 0.805506 0.584004 0.786953 0.79525 0.566369 0.712878 26 152
P 299 0 0.826394 0.533432 0.988841 0.875992 0.486481 0.94844 117 161
P 300 0 0.699058 0.568948 0.641659 0.642959 0.530679 0.601942 118 183
P 301 0 0.768147 0.719107 0.227973 0.729092 0.738941 0.295439 21 68
P 302 0 0.752153 0.693184 0.400006 0.815059 0.707011 0.451551 13 150
P 303 0 0.738447 0.758869 0.659258 0.809927 0.734433 0.643432 54 142
P 304 0 0.84103 0.789162 0.617335 0.888456 0.735175 0.64144 101 7
P 305 0 0.830396 0.481056 0.94391 0.866441 0.547445 0.921243 196 105
P 306 0 0.722066 0.579077 0.772483 0.789379 0.605926 0.750443 171 26
P 307 0 0.842926 0.766573 0.604251 0.87789 0.716809 0.653737 140 7
P 308 0 0.841759 0.61581 0.893924 0.809649 0.627773 0.966284 50 190
P 309 0 0.75743 0.526182 0.903918 0.812306 0.477496 0.876109 161 177
P 310 0 0.828447 0.792343 0.619708 0.774115 0.751628 0.659319 101 164
P 311 0 0.765588 0.612313 0.444589 0.78671 0.637856 0.51177 83 60
P 312 0 0.784404 0.553646 0.725149 0.776563 0.594488 0.791252 152 77
P 313 0 0.67899 0.626878 0.585119 0.729893 0.578548 0.625855 167 118
P 314 0 0.675217 0.581135 0.563154 0.653985 0.644894 0.598648 183 187
P 315 0 0.849104 0.548981 0.908262 0.788739 0.577411 0.950576 105 41
P 316 0 0.624365 0.697972 0.589329 0.581489 0.635714 0.571514 120 123
P 317 0 0.702208 0.842354 0.165095 0.666695 0.848265 0.0894774 21 63
P 318 0 0.783821 0.795774 0.676561 0.834647 0.790776 0.618539 164 101
P 319 0 0.887541 0.749119 0.603102 0.817409 0.758452 0.644809 140 142
P 320 0 0.773224 0.806304 0.630125 0.795013 0.846681 0.696445 101 164
P 321 0 0.669139 0.832618 0.649757 0.660114 0.851818 0.573106 101 52
P 322 0 0.877455 0.604622 0.709225 0.908053 0.655408 0.762387 38 0
P 323 0 0.74735 0.445708 0.88563 0.746823 0.36938 0.904273 77 133
P 324 0 0.84951 0.664789 0.383617 0.836203 0.634741 0.449919 197 60
P 325 0 0.644828 0.639272 0.444463 0.639117 0.635682 0.365808 3 184
P 326 0 0.712164 0.642547 0.604929 0.723747 0.719431 0.617436 60 54
P 327 0 0.851865 0.591296 1.01736 0.807219 0.626516 0.965133 91 190
P 328 0 0.767775 0.732149 0.710647 0.75793 0.811139 0.714688 100 54
P 329 0 0.830978 0.689801 0.460506 0.799863 0.661822 0.39441 167 13
P 330 0 0.860045 0.491821 0.942452 0.824877 0.547006 0.981777 161 117
P 331 0 0.691763 0.583694 0.372352 0.768793 0.569196 0.357085 150 175
P 332 0 0.770245 0.681391 0.289774 0.732615 0.613602 0.312935 97 173
P 333 0 0.783521 0.79441 0.676029 0.786088 0.715904 0.69974 164 179
P 334 0 0.782142 0.611801 0.406255 0.786258 0.678205 0.433051 83 150
P 335 0 0.678558 0.521207 0.328676 0.618322 0.528366 0.374937 180 3
P 336 0 0.858122 0.667131 0.302033 0.850532 0.661971 0.382103 68 197
P 337 0 0.721311 0.633172 0.359303 0.779123 0.611894 0.413245 97 83
P 338 0 0.700827 0.59276 0.378174 0.680078 0.568603 0.307074 150 173
P 339 0 0.652526 0.642401 0.603347 0.67183 0.575837 0.567227 187 183
P 340 0 0.512422 0.763241 0.697056 0.555458 0.732685 0.638284 134 148
P 341 0 0.76936 0.452482 0.854687 0.706481 0.485407 0.893685 177 64
P 342 0 0.88004 0.665832 0.616944 0.925654 0.606344 0.591517 152 195
P 343 0 0.775369 0.690607 0.873281 0.845076 0.711054 0.845307 182 29
P 344 0 0.153233 0.0116976 0.769346 0.165398 0.0645995 0.829863 116 36
P 345 0 0.84092 0.584134 1.02346 0.77348 0.57448 0.974672 91 41
P 346 0 0.847023 0.634061 0.436398 0.768694 0.612217 0.437396 60 83
P 347 0 0.8615 0.804146 0.445647 0.876765 0.810724 0.366001 51 49
P 348 0 0.796354 0.852776 0.698825 0.721085 0.885804 0.699913 164 137
P 349 0 0.641228 0.623093 0.639742 0.644618 0.551998 0.669561 187 118
P 350 0 0.726588 0.727053 0.625519 0.803586 0.714075 0.642264 54 142
P 351 0 0.772075 0.638777 0.530059 0.851181 0.650547 0.52333 60 114
P 352 0 0.757999 0.525991 0.904132 0.817945 0.483666 0.93829 161 196
P 353 0 0.791103 0.749903 0.554034 0.849282 0.764086 0.604088 157 140
P 354 0 0.767521 0.617867 0.888317 0.786646 0.577009 0.953882 38 41
P 355 0 0.809218 0.610964 0.343554 0.742245 0.653799 0.32956 83 97
P 356 0 0.829083 0.640883 0.898581 0.779062 0.611945 0.951794 50 190
P 357 0 0.878394 0.485677 0.949342 0.933025 0.541546 0.971099 161 105
P 358 0 0.788557 0.794863 0.535862 0.739931 0.809418 0.592839 25 157
P 359 0 0.79073 0.827201 0.688836 0.81239 0.796403 0.622737 164 101
P 360 0 0.784152 0.646953 0.347951 0.854862 0.650028 0.375685 175 197
P 361 0 0.843772 0.826628 0.553163 0.865966 0.782858 0.612632 52 101
P 362 0 0.791434 0.675064 0.640027 0.851744 0.67136 0.684167 142 7
P 363 0 0.856275 0.447876 0.993189 0.827655 0.522153 0.994711 102 117
P 364 0 0.609715 0.57253 0.649585 0.653653 0.547406 0.589084 120 183
P 365 0 0.645179 0.534152 0.599273 0.611896 0.591204 0.640615 183 120
P 366 0 0.527017 0.512812 0.411976 0.602301 0.479664 0.420264 155 67
P 367 0 0.874548 0.593897 0.81508 0.928132 0.541053 0.838877 41 132
P 368 0 0.667899 0.942786 0.711556 0.718893 0.880285 0.696958 159 137
P 369 0 0.700668 0.824647 0.64381 0.736517 0.891923 0.615355 101 94
P 370 0 0.767849 0.854015 0.6293 0.837982 0.824496 0.648596 17 142
P 371 0 0.784542 0.652939 0.638758 0.762957 0.690586 0.702533 142 179
P 372 0 0.789384 0.225475 0.13398 0.758046 0.252996 0.200394 23 53
P 373 0 0.807032 0.602564 0.586319 0.846149 0.626075 0.65529 118 152
P 374 0 0.764619 0.728332 0.71957 0.755336 0.804179 0.707307 100 54
P 375 0 0.728161 0.647235 0.544804 0.699167 0.643364 0.621171 167 60
P 376 0 0.848374 0.628686 0.652772 0.819835 0.685678 0.698038 152 33
P 377 0 0.953404 0.53974 0.986359 0.9477 0.456469 0.996854 105 196
P 378 0 0.195005 0.397821 0.248151 0.138154 0.45288 0.247014 181 110
P 379 0 0.799317 0.700373 0.641478 0.769467 0.734197 0.705862 142 100
P 380 0 0.726484 0.790102 0.521899 0.729936 0.733297 0.578633 25 176
P 381 0 0.776313 0.611981 0.419753 0.769273 0.571625 0.3568 83 175
P 382 0 0.717813 0.574787 0.632046 0.775285 0.623221 0.637054 118 142
P 383 0 0.804003 0.659101 0.393925 0.777594 0.652129 0.317953 13 173
P 384 0 0.781947 0.629366 0.668909 0.777098 0.706064 0.700826 78 179
P 385 0 0.674965 0.507528 0.583241 0.745267 0.518462 0.626602 114 93
P 386 0 0.844136 0.497148 0.936478 0.856172 0.448144 0.993079 161 102
P 387 0 0.751127 0.620214 0.765464 0.821368 0.611379 0.800595 182 38
P 388 0 0.729768 0.733341 0.57877 0.740767 0.808446 0.592205 176 157
P 389 0 0.706404 0.598337 0.381756 0.786767 0.611658 0.395544 150 83
P 390 0 0.770371 0.631764 0.70741 0.84049 0.651798 0.697265 26 7
P 391 0 0.807651 0.699601 0.446793 0.741321 0.684527 0.48367 150 183
P 392 0 0.695405 0.56781 0.643531 0.670519 0.573786 0.568804 118 183
P 393 0 0.869244 0.495342 0.804075 0.840953 0.535821 0.867199 132 26
P 394 0 0.828789 0.610485 0.788506 0.757491 0.638693 0.793768 38 182
P 395 0 0.858791 0.824568 0.551532 0.858067 0.894795 0.51643 52 198
P 396 0 0.188282 0.867734 0.522399 0.225303 0.895543 0.451439 154 107
P 397 0 0.790571 0.672293 0.639868 0.83557 0.643245 0.702992 142 7
P 398 0 0.804168 0.585824 0.783923 0.855836 0.590302 0.844626 26 41
P 399 0 0.854991 0.628655 0.618045 0.816908 0.561874 0.639916 96 93
