400 
 6.000000
P 0 0 0.576008 0.671871 0.76778 0.533717 0.692368 0.832549 187 98
P 1 0 0.694632 0.764811 0.898709 0.64585 0.789326 0.954762 152 171
P 2 0 0.753519 0.59119 0.631505 0.787169 0.656628 0.599165 150 13
P 3 0 0.82813 0.775077 0.83195 0.816062 0.787834 0.909414 152 195
P 4 0 0.70819 0.829348 0.998869 0.649297 0.807317 0.947469 182 171
P 5 0 0.5431 0.764535 0.739494 0.555099 0.781781 0.818255 120 80
P 6 0 0.850392 0.667672 0.0338589 0.820458 0.6551 0.107322 132 121
P 7 0 0.501509 0.636114 0.856809 0.577118 0.639826 0.868595 187 185
P 8 0 0.819067 0.785731 1.00985 0.776283 0.808276 0.953705 29 38
P 9 0 0.634346 0.625569 0.845258 0.61734 0.662744 0.777175 93 183
P 10 0 0.748024 0.889607 0.634609 0.768497 0.964253 0.641585 52 94
P 11 0 0.880683 0.709002 0.780059 0.886529 0.779568 0.802747 22 152
P 12 0 0.863306 0.64669 0.690008 0.872357 0.724021 0.70042 60 176
P 13 0 0.661612 0.657558 0.0218598 0.654926 0.724145 0.0654691 104 62
P 14 0 0.838454 0.660164 0.703143 0.79608 0.642547 0.638733 60 150
P 15 0 0.28752 0.142428 0.703739 0.362229 0.126221 0.675493 163 199
P 16 0 0.850062 0.776763 0.820983 0.809562 0.761625 0.888806 152 93
P 17 0 0.146155 0.516129 0.394873 0.146155 0.516129 0.394873 155 -1
P 18 0 0.893775 0.68274 0.64525 0.830749 0.638964 0.629447 197 13
P 19 0 0.725271 0.658973 0.0357171 0.738656 0.697408 0.101526 105 29
P 20 0 0.744348 0.890377 0.633679 0.716176 0.833579 0.593778 52 25
P 21 0 0.86998 0.66184 0.0361518 0.877358 0.709129 0.102051 132 121
P 22 0 0.693363 0.831715 0.576109 0.692939 0.901145 0.620672 25 52
P 23 0 0.851064 0.868023 0.660679 0.817421 0.936016 0.665105 52 94
P 24 0 0.79195 0.529469 0.648518 0.847108 0.512988 0.698698 3 45
P 25 0 0.857049 0.732477 0.698806 0.884832 0.691219 0.761758 176 22
P 26 0 0.867147 0.644608 0.687977 0.887548 0.679579 0.74978 60 22
P 27 0 0.806925 0.772394 1.02369 0.776584 0.808518 0.953344 29 38
P 28 0 0.787375 0.886008 0.80816 0.720501 0.887534 0.770394 179 54
P 29 0 0.595654 0.717514 0.825309 0.564189 0.73971 0.887319 118 80
P 30 0 0.869368 0.720935 0.566534 0.942763 0.701172 0.577528 97 68
P 31 0 0.729784 0.770882 0.00944684 0.697949 0.699342 0.0240329 38 77
P 32 0 0.621652 0.69268 0.0468148 0.695291 0.666788 0.0424487 104 77
P 33 0 0.822433 0.590885 0.651273 0.844782 0.642011 0.594005 83 175
P 34 0 0.746223 0.793028 0.104689 0.817037 0.822186 0.0823143 182 112
P 35 0 0.846192 0.646807 0.593953 0.780746 0.624044 0.636129 175 150
P 36 0 0.823596 0.861306 0.7114 0.893857 0.8919 0.701853 140 94
P 37 0 0.748891 0.975569 0.632158 0.75563 0.996873 0.707985 94 137
P 38 0 0.650655 0.711436 0.237388 0.654825 0.778181 0.201109 161 196
P 39 0 0.746022 0.582145 0.630232 0.81744 0.595667 0.657226 150 83
P 40 0 0.554211 0.698802 0.804489 0.627936 0.714416 0.823835 120 118
P 41 0 0.788706 0.901896 0.717147 0.85564 0.913957 0.68348 101 94
P 42 0 0.804101 0.742633 0.840195 0.813826 0.782665 0.912221 96 195
P 43 0 0.553968 0.631678 0.0105639 0.6295 0.657952 0.00697841 134 98
P 44 0 0.476852 0.268825 0.0335552 0.452206 0.3227 -0.015194 135 9
P 45 0 0.620279 0.689362 0.332022 0.606878 0.677381 0.255585 196 161
P 46 0 0.746972 0.774974 0.795196 0.728701 0.704746 0.819235 142 118
P 47 0 0.776017 0.808063 0.954024 0.81391 0.780067 1.01573 38 29
P 48 0 0.763781 0.666995 0.975043 0.706771 0.617867 0.993658 195 104
P 49 0 0.374143 0.0118746 0.360013 0.436348 0.0356637 0.321032 146 110
P 50 0 0.743239 0.795878 0.0963849 0.800484 0.847263 0.0993748 182 112
P 51 0 0.782589 0.813348 0.946145 0.800196 0.757425 0.994187 38 41
P 52 0 0.858158 0.712571 0.570841 0.781313 0.699737 0.593681 97 84
P 53 0 0.891276 0.646726 0.633527 0.835138 0.609218 0.594365 197 175
P 54 0 0.663962 0.672936 0.744983 0.73255 0.66518 0.785096 183 114
P 55 0 0.770306 0.731142 0.879049 0.766646 0.793771 0.833382 93 78
P 56 0 0.826567 0.699875 0.693031 0.746176 0.690908 0.688215 167 183
P 57 0 0.569809 0.692279 0.0341734 0.620254 0.661274 -0.00985893 133 98
P 58 0 0.521497 0.706391 0.948155 0.564772 0.737011 0.89175 8 80
P 59 0 0.864144 0.717038 0.568541 0.942925 0.701378 0.57761 97 68
P 60 0 0.697886 0.674908 0.86105 0.6751 0.644613 0.797387 93 114
P 61 0 0.715799 0.817636 0.848772 0.738482 0.804596 0.774575 179 164
P 62 0 0.984471 0.754128 0.598546 0.943709 0.7764 0.537972 68 97
P 63 0 0.856524 0.866879 0.662061 0.887406 0.798547 0.646381 52 33
P 64 0 0.879193 0.720245 0.701141 0.821668 0.669264 0.712015 176 60
P 65 0 0.653884 0.706855 0.0797671 0.693225 0.641483 0.0567636 62 77
P 66 0 0.812218 0.662021 0.641473 0.795238 0.703622 0.703394 150 167
P 67 0 0.729224 0.78135 0.775986 0.716665 0.818464 0.84828 164 179
P 68 0 0.87819 0.727517 0.563144 0.842168 0.716323 0.492133 97 51
P 69 0 0.881007 0.705058 0.48914 0.930984 0.658957 0.524494 4 35
P 70 0 0.626522 0.688437 0.995661 0.704891 0.676854 0.976249 171 105
P 71 0 0.808937 0.834537 0.914559 0.803594 0.756991 0.887322 38 93
P 72 0 0.836809 0.820634 0.735833 0.807679 0.770534 0.785906 33 96
P 73 0 0.881185 0.693343 0.674966 0.858205 0.627835 0.648525 167 13
P 74 0 0.557953 0.254549 0.474172 0.557953 0.254549 0.474172 125 -1
P 75 0 0.117872 0.557757 0.668525 0.160791 0.526963 0.608169 153 1
P 76 0 0.699724 0.734531 0.713144 0.726142 0.773611 0.776455 54 164
P 77 0 0.891171 0.645206 0.633032 0.89426 0.574105 0.674437 197 14
P 78 0 0.915577 0.85451 0.677002 0.85447 0.812924 0.704609 52 33
P 79 0 0.514078 0.631868 0.990188 0.542989 0.65561 0.921352 134 8
P 80 0 0.853626 0.85107 0.544982 0.920504 0.821059 0.51343 49 84
P 81 0 0.895883 0.858635 0.672019 0.853404 0.870374 0.738055 52 101
P 82 0 0.747377 0.629082 -0.00436662 0.67342 0.64718 0.0144859 195 104
P 83 0 0.681059 0.980427 0.372853 0.751517 1.00498 0.346641 139 27
P 84 0 0.8053 0.835147 0.594572 0.879038 0.86504 0.596891 24 189
P 85 0 0.69723 0.683575 0.953896 0.701932 0.748123 0.996437 105 77
P 86 0 0.806298 0.771706 0.0244082 0.769448 0.722492 -0.0240416 29 26
P 87 0 0.824174 0.571938 0.594774 0.779157 0.622127 0.635859 175 150
P 88 0 0.837374 0.83504 0.814705 0.866438 0.77005 0.842882 7 22
P 89 0 0.751072 0.588238 0.63109 0.801988 0.610466 0.675647 150 83
P 90 0 0.894141 0.688021 0.646969 0.859535 0.731103 0.699068 197 176
P 91 0 0.626155 0.714587 0.823916 0.552144 0.711035 0.792394 118 120
P 92 0 0.659795 0.71982 0.748193 0.614979 0.662228 0.778805 167 183
P 93 0 0.807302 0.8261 0.836522 0.805413 0.752864 0.820288 7 96
P 94 0 0.628141 0.693922 0.246746 0.650128 0.766105 0.218908 161 196
P 95 0 0.733745 0.665608 0.78484 0.68544 0.708898 0.82121 114 118
P 96 0 0.861017 0.697217 0.5934 0.907853 0.749648 0.551748 175 97
P 97 0 0.847171 0.837953 0.807598 0.808995 0.780805 0.765922 7 96
P 98 0 0.890144 0.630408 0.628216 0.896522 0.64112 0.710203 197 22
P 99 0 0.584667 0.718569 0.825811 0.54822 0.704056 0.893119 118 116
P 100 0 0.738146 0.768157 0.876949 0.735717 0.757476 0.80136 152 142
P 101 0 0.885063 0.620685 0.594989 0.836284 0.577619 0.634759 173 83
P 102 0 0.719298 0.664214 0.0182864 0.784822 0.684961 -0.00866801 105 26
P 103 0 0.892874 0.814792 0.785858 0.833187 0.822215 0.742237 140 33
P 104 0 0.749416 0.58624 0.630808 0.795847 0.616347 0.682969 150 83
P 105 0 0.745283 0.870296 0.871402 0.789562 0.888097 0.806919 100 179
P 106 0 0.779636 0.589435 0.747006 0.786934 0.512034 0.732321 3 184
P 107 0 0.636681 0.679471 0.0374292 0.576695 0.681824 -0.0176553 104 80
P 108 0 0.672645 0.666245 0.250252 0.628438 0.71034 0.301103 117 196
P 109 0 0.806671 0.76268 0.801189 0.796946 0.838035 0.806308 96 33
P 110 0 0.810627 0.540571 0.71 0.778432 0.595296 0.756631 184 3
P 111 0 0.915736 0.799442 0.81043 0.851018 0.839097 0.804807 140 7
P 112 0 0.811722 0.757513 0.694026 0.800017 0.681002 0.723458 176 60
P 113 0 0.27412 0.114079 0.721166 0.345844 0.123474 0.678931 163 199
P 114 0 0.800865 0.765739 0.0306024 0.747255 0.784932 -0.0114968 29 38
P 115 0 1.00536 0.129626 0.352091 0.96697 0.152023 0.28109 193 126
P 116 0 0.8771 0.620176 0.661655 0.894595 0.694563 0.649099 13 197
P 117 0 0.778016 0.776131 0.690472 0.801934 0.840586 0.660198 176 25
P 118 0 0.761881 0.694341 0.677371 0.833314 0.687476 0.645056 183 150
P 119 0 0.707597 0.817511 0.957185 0.757756 0.869487 0.924061 77 100
P 120 0 0.939515 0.805436 0.565812 0.913995 0.879544 0.562098 6 49
P 121 0 0.678838 0.73336 0.225673 0.632184 0.719971 0.286906 161 196
P 122 0 0.757688 0.76966 0.867177 0.730054 0.699886 0.869045 152 93
P 123 0 0.750503 0.636306 -0.00829013 0.736624 0.649012 0.0688426 195 105
P 124 0 0.507567 0.631899 0.986863 0.525827 0.69616 0.942755 134 8
P 125 0 0.73759 0.777159 8.98098e-05 0.818085 0.784653 0.0109705 38 29
P 126 0 0.804322 0.60823 0.672865 0.745279 0.581248 0.630106 83 150
P 127 0 0.711191 0.826482 0.00721786 0.705822 0.751612 0.0381726 182 38
P 128 0 0.853559 0.711904 0.648494 0.856095 0.62869 0.647059 150 13
P 129 0 0.854886 0.867223 0.661646 0.890413 0.797235 0.641065 52 33
P 130 0 0.64851 0.712442 0.822896 0.709043 0.683571 0.863823 118 93
P 131 0 0.739382 0.799561 0.0856541 0.694986 0.742898 0.0511627 182 38
P 132 0 0.740049 0.698938 0.0999382 0.689351 0.738366 0.0579185 29 38
P 133 0 0.780029 0.503717 0.738825 0.85375 0.518686 0.707854 184 45
P 134 0 0.583533 0.718678 0.825862 0.613976 0.662009 0.779498 118 183
P 135 0 0.864417 0.833899 0.755273 0.868237 0.806915 0.680271 140 33
P 136 0 0.83431 0.688677 0.645225 0.869824 0.643156 0.686562 150 60
P 137 0 0.826333 0.666735 0.709549 0.836644 0.743748 0.696654 60 176
P 138 0 0.857429 0.685017 0.593534 0.79945 0.646614 0.639305 175 150
P 139 0 0.885638 0.716685 0.701821 0.815678 0.672511 0.71518 176 60
P 140 0 0.827809 0.699726 0.69262 0.89515 0.702558 0.651701 167 197
P 141 0 0.568683 0.687371 0.0364041 0.606804 0.666107 -0.0343524 133 98
P 142 0 0.702148 0.750765 -0.00505728 0.715194 0.822659 0.0183577 77 182
P 143 0 0.839082 0.918178 0.744752 0.902666 0.886815 0.706088 142 94
P 144 0 0.827283 0.899834 0.751214 0.889675 0.894313 0.699842 142 94
P 145 0 0.772155 0.715885 0.978665 0.751749 0.639186 0.990146 26 195
P 146 0 0.804443 0.834762 0.793053 0.805969 0.773373 0.843033 33 152
P 147 0 0.768835 0.814663 0.864429 0.7269 0.826365 0.933409 7 26
P 148 0 0.827446 0.699154 0.764793 0.837144 0.69861 0.689533 114 167
P 149 0 0.651567 0.668408 0.111561 0.691525 0.620661 0.0685423 62 77
P 150 0 0.710386 0.766022 0.890831 0.663069 0.776396 0.82786 152 78
P 151 0 0.731359 0.91348 0.675973 0.667168 0.961113 0.67787 157 101
P 152 0 0.489673 0.738789 0.0236859 0.426483 0.717242 0.072689 115 48
P 153 0 0.819094 0.670317 0.642641 0.891299 0.647064 0.633637 150 197
P 154 0 0.861778 0.910415 0.686431 0.933985 0.903735 0.721275 94 17
P 155 0 0.797996 0.765095 0.692579 0.855591 0.812435 0.702628 176 33
P 156 0 0.755534 0.997303 0.700254 0.785096 0.954672 0.649565 137 94
P 157 0 0.821037 0.669606 0.712348 0.870485 0.725055 0.700223 60 176
P 158 0 0.828945 0.84745 0.51408 0.758834 0.806361 0.518108 51 49
P 159 0 0.651485 0.769592 0.213768 0.634041 0.698512 0.244294 196 161
P 160 0 0.75509 0.999281 0.664709 0.724763 0.928298 0.668095 137 157
P 161 0 0.783554 0.628121 0.697625 0.812219 0.701591 0.697777 83 167
P 162 0 0.884222 0.545051 0.600431 0.833746 0.604487 0.594417 197 175
P 163 0 0.601815 0.673443 0.257689 0.678187 0.657806 0.236521 161 117
P 164 0 0.867641 0.61939 0.572284 0.892285 0.661268 0.638261 173 197
P 165 0 0.58022 0.65463 0.802806 0.616381 0.715525 0.824363 183 118
P 166 0 0.82777 0.748649 0.695718 0.876271 0.803408 0.666067 176 33
P 167 0 0.701703 0.745315 0.998026 0.644789 0.783786 0.957008 77 171
P 168 0 0.870653 0.80586 0.676 0.853493 0.73444 0.698431 33 176
P 169 0 0.774919 0.709137 0.981429 0.743184 0.781658 0.993383 26 38
P 170 0 0.695461 0.900617 0.62131 0.702655 0.977962 0.641691 52 157
P 171 0 0.874213 0.968958 0.758888 0.830759 0.905239 0.74931 179 142
P 172 0 0.843293 0.869651 0.658713 0.784861 0.902793 0.610656 52 189
P 173 0 0.886903 0.583694 0.613009 0.885475 0.628434 0.54866 197 68
P 174 0 0.631254 0.71314 0.985647 0.699233 0.681818 0.959739 171 105
P 175 0 0.885339 0.689047 0.759523 0.867362 0.72678 0.699893 22 176
P 176 0 0.769362 0.254152 0.305537 0.850119 0.263819 0.280759 103 126
P 177 0 0.849789 0.631246 0.642677 0.790411 0.621554 0.68945 13 83
P 178 0 0.771369 0.696415 0.67082 0.758205 0.703671 0.745557 183 60
P 179 0 0.789029 0.770048 0.691633 0.85382 0.813208 0.705759 176 33
P 180 0 0.970149 0.735944 0.591329 0.951897 0.782509 0.534826 68 97
P 181 0 0.660416 0.918935 0.616618 0.676377 0.956626 0.680847 31 101
P 182 0 0.696625 0.840392 0.966691 0.757676 0.869492 0.923721 182 100
P 183 0 0.782576 0.818748 0.85446 0.797858 0.825627 0.92784 7 38
P 184 0 0.652753 0.713068 0.236516 0.68738 0.643808 0.213745 161 117
P 185 0 0.815578 0.666074 0.642044 0.840928 0.699717 0.57746 150 97
P 186 0 0.800273 0.757499 -0.00589123 0.839582 0.788033 0.0590791 41 112
P 187 0 0.847857 0.655066 0.698173 0.891657 0.652214 0.635314 60 197
P 188 0 0.630826 0.657475 0.00939383 0.693582 0.645859 0.0542877 98 77
P 189 0 0.872054 0.641947 0.685384 0.853105 0.711357 0.648417 60 150
P 190 0 0.743089 0.924122 0.702405 0.802943 0.944372 0.658145 101 94
P 191 0 0.524765 0.695584 0.816247 0.543565 0.703285 0.893274 98 116
P 192 0 0.754869 0.378912 0.663196 0.778366 0.304096 0.645462 131 5
P 193 0 0.703144 0.678386 0.971152 0.78198 0.691897 0.988491 105 26
P 194 0 0.665367 0.641128 0.79947 0.642769 0.712993 0.823158 114 118
P 195 0 0.695204 0.685352 0.947986 0.757259 0.651922 0.983229 105 195
P 196 0 0.747315 0.993823 0.408945 0.675405 0.983242 0.373301 27 139
P 197 0 0.729713 0.782577 0.775911 0.783665 0.832021 0.775101 164 142
P 198 0 0.590798 0.719798 0.0660829 0.586342 0.764367 0.00140422 104 133
P 199 0 0.632806 0.656764 0.0129994 0.701169 0.622791 -0.0028434 98 104
P 200 0 0.891963 0.85127 0.775102 0.885392 0.77948 0.803315 7 152
P 201 0 0.754809 1.00053 0.6422 0.803009 0.944334 0.658177 137 94
P 202 0 0.764692 0.802523 0.785492 0.778778 0.877796 0.813038 142 179
P 203 0 0.686865 0.849713 0.939536 0.704871 0.784123 0.976072 182 77
P 204 0 0.606004 0.716521 0.824836 0.555907 0.778038 0.8244 118 80
P 205 0 0.737419 0.962208 0.877663 0.737419 0.962208 0.877663 72 -1
P 206 0 0.708361 0.756326 0.213402 0.642529 0.746567 0.247706 161 196
P 207 0 0.626522 0.471644 0.664327 0.605122 0.52742 0.722061 47 63
P 208 0 0.795017 0.703648 0.703467 0.853055 0.711297 0.648408 167 150
P 209 0 0.787514 0.551071 0.683996 0.772989 0.614684 0.634812 3 150
P 210 0 0.771271 0.612611 0.63452 0.841644 0.572486 0.628369 150 83
P 211 0 0.856012 0.618525 0.557129 0.811195 0.646889 0.615859 173 13
P 212 0 0.578961 0.719116 0.826071 0.571177 0.678908 0.900768 118 98
P 213 0 0.882401 0.618027 0.665338 0.831342 0.66402 0.706902 13 60
P 214 0 0.845457 0.816859 0.720544 0.886275 0.849579 0.779229 33 7
P 215 0 0.790237 0.70422 0.705048 0.846829 0.706093 0.760646 167 114
P 216 0 0.880297 0.719635 0.701257 0.830229 0.664623 0.70749 176 60
P 217 0 0.655332 0.730877 0.0599022 0.69539 0.667994 0.0417665 62 77
P 218 0 0.920878 0.930023 0.746879 0.844587 0.926736 0.741737 17 142
P 219 0 0.822771 0.873949 0.653521 0.811253 0.890911 0.724434 52 101
P 220 0 0.699486 0.899774 0.622329 0.7414 0.890926 0.687964 52 157
P 221 0 0.55828 0.767055 0.84243 0.551909 0.712423 0.791021 80 120
P 222 0 0.856194 0.812172 0.701562 0.858222 0.731829 0.698929 33 176
P 223 0 0.889284 0.618017 0.624182 0.827333 0.582679 0.594656 197 175
P 224 0 0.697066 0.832017 0.578976 0.730444 0.754889 0.578851 25 119
P 225 0 0.832131 0.700831 0.763791 0.75698 0.704335 0.746204 114 60
P 226 0 0.542009 0.689388 0.847651 0.547295 0.645437 0.915982 98 8
P 227 0 0.755895 0.594058 0.631909 0.828727 0.584857 0.643769 150 83
P 228 0 0.835311 0.912316 0.746817 0.831214 0.928055 0.671737 142 94
P 229 0 0.609504 0.661031 0.782586 0.553207 0.704744 0.798613 183 120
P 230 0 0.708236 0.829304 0.998997 0.772347 0.805111 0.958423 182 38
P 231 0 0.769519 0.827761 0.721546 0.842404 0.843893 0.691543 157 25
P 232 0 0.862029 0.788942 0.862323 0.804207 0.743459 0.838588 22 96
P 233 0 0.786116 0.630524 0.637041 0.848553 0.654835 0.593865 150 175
P 234 0 0.605227 0.666673 0.962776 0.551155 0.636315 0.911167 98 8
P 235 0 0.809385 0.876753 0.650134 0.748365 0.87528 0.696282 52 157
P 236 0 0.687059 1.01299 0.623066 0.755801 0.971581 0.635481 157 94
P 237 0 0.992215 0.763961 0.602448 0.94695 0.778818 0.536727 68 97
P 238 0 0.811272 0.801257 0.835761 0.802333 0.728839 0.867034 78 96
P 239 0 0.820666 0.592577 0.653379 0.851396 0.653147 0.696302 83 60
P 240 0 0.567717 0.723377 0.914131 0.547033 0.646055 0.916308 80 8
P 241 0 0.937048 0.841785 0.588411 0.891931 0.796572 0.638381 189 33
P 242 0 0.854354 0.840655 0.744457 0.888712 0.894869 0.699379 140 94
P 243 0 0.826033 0.587437 0.646981 0.748683 0.585355 0.630684 83 150
P 244 0 0.821464 0.890787 0.7544 0.754551 0.844944 0.772127 142 164
P 245 0 0.817369 0.821683 0.0819722 0.808673 0.774314 0.0217016 112 29
P 246 0 0.862139 0.809577 0.691052 0.857317 0.868468 0.73932 33 101
P 247 0 0.87162 0.622397 0.657847 0.866961 0.695044 0.67967 13 167
P 248 0 0.554289 0.69834 0.804946 0.630509 0.714169 0.823718 120 118
P 249 0 0.820691 0.798531 0.903605 0.802847 0.732848 0.859235 195 96
P 250 0 0.698507 0.706177 0.0201661 0.629713 0.705094 -0.011091 77 171
P 251 0 0.86008 0.866134 0.66296 0.888592 0.79803 0.644285 52 33
P 252 0 0.861362 0.72132 0.649819 0.891725 0.653202 0.635635 150 197
P 253 0 0.726876 0.811503 0.0508604 0.783158 0.867839 0.0313068 182 100
P 254 0 0.972544 0.738986 0.592536 0.948585 0.813535 0.600665 68 6
P 255 0 0.738052 0.926577 0.700778 0.70615 0.97011 0.645865 101 157
P 256 0 0.798217 0.614078 0.680144 0.741746 0.576984 0.629506 83 150
P 257 0 0.705462 0.971655 0.645044 0.693516 0.901025 0.620818 157 52
P 258 0 0.722505 0.682946 0.250554 0.715965 0.635032 0.314121 91 50
P 259 0 0.635351 0.991536 0.693221 0.699018 0.945595 0.688163 159 101
P 260 0 0.733351 0.566855 0.62808 0.794342 0.517821 0.629387 150 3
P 261 0 0.550012 0.723646 0.779924 0.607242 0.660537 0.784148 120 183
P 262 0 0.601766 0.731046 0.715082 0.550064 0.72334 0.780227 123 120
P 263 0 0.825419 0.884009 0.729012 0.765022 0.837862 0.716175 101 157
P 264 0 0.940965 0.774353 0.539026 0.959013 0.721805 0.585717 97 68
P 265 0 0.754216 0.702298 0.81807 0.723446 0.766842 0.776866 118 164
P 266 0 0.927925 0.791257 0.82353 0.851451 0.807998 0.837904 140 78
P 267 0 0.890174 0.630835 0.628355 0.87015 0.694663 0.678616 197 167
P 268 0 0.806601 0.867679 0.76254 0.817686 0.829187 0.828988 142 7
P 269 0 0.702269 0.707283 0.820441 0.764945 0.676778 0.778165 118 114
P 270 0 0.808416 0.833028 0.786029 0.860004 0.867159 0.740188 33 101
P 271 0 0.71456 0.823265 1.01659 0.735797 0.804646 0.942306 182 26
P 272 0 0.814876 0.785091 0.910904 0.845437 0.806989 0.837583 195 78
P 273 0 0.889199 0.616796 0.623785 0.822274 0.591037 0.651462 197 83
P 274 0 0.818211 0.889424 0.605782 0.87098 0.859255 0.549903 189 49
P 275 0 0.819875 0.786619 1.00893 0.786075 0.816151 0.941966 29 38
P 276 0 0.860061 0.693966 0.593435 0.903908 0.746705 0.553264 175 97
P 277 0 0.727728 0.771392 0.205351 0.650248 0.766414 0.218453 161 196
P 278 0 0.538287 0.666719 0.927215 0.489255 0.631986 0.977509 8 134
P 279 0 0.845608 0.511701 0.69663 0.782294 0.506446 0.736691 45 184
P 280 0 0.760869 0.69412 0.67807 0.699252 0.731054 0.711843 183 54
P 281 0 0.743095 0.835779 0.614627 0.769224 0.909062 0.612942 25 189
P 282 0 0.789366 0.818798 0.938021 0.718068 0.847928 0.924577 38 26
P 283 0 0.895014 0.647583 0.716853 0.821053 0.669598 0.71234 22 60
P 284 0 0.75 0.709868 0.0885931 0.725205 0.659031 0.035522 29 105
P 285 0 0.447409 0.115409 0.808142 0.398842 0.0803349 0.754798 156 46
P 286 0 0.283614 0.134164 0.708819 0.356181 0.125207 0.676762 163 199
P 287 0 0.700231 0.738263 0.714541 0.757503 0.693384 0.680394 54 183
P 288 0 0.616647 0.662593 0.777654 0.553917 0.700542 0.802768 183 120
P 289 0 0.898127 0.567411 0.655467 0.818066 0.595068 0.65648 14 83
P 290 0 0.550468 0.686349 0.863055 0.570406 0.710936 0.934555 98 80
P 291 0 0.707055 0.830432 0.99571 0.775693 0.868323 0.99979 182 100
P 292 0 0.826462 0.698801 0.765004 0.859196 0.731291 0.699032 114 176
P 293 0 0.960389 0.788845 0.531564 0.960786 0.724057 0.586611 97 68
P 294 0 0.910055 0.751291 0.550902 0.961778 0.695503 0.525786 97 35
P 295 0 0.78214 0.629474 0.69931 0.758535 0.597244 0.632357 83 150
P 296 0 0.857802 0.649674 0.692917 0.889686 0.623816 0.62607 60 197
P 297 0 0.656213 0.781748 0.195851 0.637323 0.789501 0.271017 196 102
P 298 0 0.707393 0.815004 0.958603 0.697834 0.765057 0.897108 77 152
P 299 0 0.711045 0.614111 -0.00901089 0.694643 0.658849 0.0469394 104 77
P 300 0 0.642374 0.713031 0.823176 0.594996 0.65786 0.792603 118 183
P 301 0 0.456303 0.309548 0.210592 0.374359 0.272545 0.212148 181 12
P 302 0 0.82548 0.641099 0.625785 0.852999 0.711228 0.648399 13 150
P 303 0 0.716237 0.85613 0.758644 0.790344 0.842405 0.771443 54 142
P 304 0 0.845683 0.874136 0.73556 0.85717 0.840926 0.800344 101 7
P 305 0 0.78044 0.695659 -0.0130501 0.720392 0.663253 0.0214803 26 105
P 306 0 0.649727 0.80956 0.94656 0.730518 0.817534 0.937027 171 26
P 307 0 0.845968 0.846285 0.735445 0.837891 0.835194 0.814331 140 7
P 308 0 0.761083 0.742915 0.967592 0.805649 0.770993 1.02515 26 29
P 309 0 0.694905 0.628297 1.00107 0.695849 0.684786 0.949867 104 105
P 310 0 0.834292 0.879686 0.731879 0.76339 0.867136 0.770781 101 164
P 311 0 0.7897 0.622234 0.690297 0.790866 0.685963 0.728294 83 60
P 312 0 0.679329 0.763634 0.906362 0.704271 0.776775 0.980229 152 77
P 313 0 0.661798 0.71958 0.747531 0.678126 0.7096 0.821544 167 118
P 314 0 0.652782 0.670492 0.752703 0.571895 0.669897 0.772696 183 187
P 315 0 0.656063 0.662436 0.0253254 0.580639 0.663574 0.0123046 104 80
P 316 0 0.539983 0.782979 0.721257 0.602683 0.789307 0.777289 120 123
P 317 0 0.484539 0.965546 0.0535095 0.484539 0.965546 0.0535095 43 -1
P 318 0 0.781261 0.912009 0.768059 0.839904 0.876951 0.733693 164 101
P 319 0 0.875654 0.826354 0.76735 0.803413 0.862723 0.764286 140 142
P 320 0 0.784303 0.904042 0.715724 0.801869 0.963754 0.764919 101 164
P 321 0 0.690085 0.949947 0.685276 0.690721 0.90161 0.620111 101 52
P 322 0 0.82178 0.844865 0.899163 0.827972 0.926171 0.911314 38 0
P 323 0 0.692216 0.74067 0.0544835 0.739363 0.698184 0.10072 38 29
P 324 0 0.890658 0.637824 0.63063 0.854071 0.651697 0.694889 197 60
P 325 0 0.953241 0.128037 0.342399 1.00942 0.195245 0.333694 193 28
P 326 0 0.695669 0.737574 0.778608 0.708751 0.801004 0.738017 60 54
P 327 0 0.633 0.722253 -0.018047 0.655734 0.737546 0.0543871 171 62
P 328 0 0.737106 0.870827 0.836877 0.726158 0.929195 0.785983 100 54
P 329 0 0.856476 0.696298 0.683138 0.87018 0.622981 0.656846 167 13
P 330 0 0.648219 0.578221 0.219777 0.709813 0.609648 0.158165 143 117
P 331 0 0.742172 0.577498 0.629578 0.80259 0.609889 0.67493 150 83
P 332 0 0.911449 0.752331 0.550367 0.977105 0.744777 0.594834 97 68
P 333 0 0.780709 0.910623 0.768143 0.759459 0.859342 0.823999 164 179
P 334 0 0.812554 0.600346 0.66305 0.824617 0.676982 0.643579 83 150
P 335 0 0.938221 0.804281 0.560839 0.97928 0.747539 0.59593 6 68
P 336 0 0.884045 0.626619 0.54794 0.890437 0.634638 0.629592 68 197
P 337 0 0.778888 0.593077 0.752986 0.80758 0.536901 0.712871 3 184
P 338 0 0.848225 0.65372 0.593877 0.925106 0.678754 0.568631 175 68
P 339 0 0.568512 0.668273 0.776738 0.646715 0.669166 0.756892 187 183
P 340 0 0.550599 0.631694 1.00884 0.609793 0.665033 0.971092 134 98
P 341 0 0.697041 0.626419 -0.000265399 0.698192 0.702321 0.0223477 104 77
P 342 0 0.842499 0.776182 0.824764 0.918766 0.797407 0.813686 152 140
P 343 0 0.738249 0.800643 0.0825023 0.771178 0.73313 0.0644488 182 29
P 344 0 0.851898 0.926785 0.507715 0.777893 0.972437 0.503102 172 186
P 345 0 0.665187 0.722741 0.231348 0.658613 0.787921 0.186753 161 196
P 346 0 0.867887 0.644206 0.687586 0.793989 0.618127 0.685184 60 83
P 347 0 0.830538 0.831649 0.511435 0.890215 0.868328 0.555356 51 49
P 348 0 0.763175 0.399227 0.656088 0.781437 0.352495 0.712039 131 5
P 349 0 0.542311 0.655698 0.808049 0.57925 0.719089 0.826058 187 118
P 350 0 0.710197 0.811658 0.742003 0.779268 0.825185 0.777509 54 142
P 351 0 0.772177 0.696095 0.738171 0.84625 0.705886 0.76077 60 114
P 352 0 0.731108 0.774021 0.203947 0.651629 0.769964 0.21322 161 196
P 353 0 0.776659 0.811721 0.730073 0.850198 0.843446 0.73999 157 140
P 354 0 0.895897 0.726732 0.100334 0.92429 0.683131 0.165663 121 91
P 355 0 0.839813 0.63529 0.635745 0.870011 0.694679 0.678662 13 167
P 356 0 0.766632 0.673585 -0.0285365 0.823325 0.675729 0.0306907 195 132
P 357 0 0.745716 0.625241 -0.00228039 0.76731 0.692404 0.0241339 195 132
P 358 0 0.793897 0.839929 0.653974 0.744628 0.883674 0.691819 25 157
P 359 0 0.793983 0.943953 0.766121 0.819757 0.886768 0.727182 164 101
P 360 0 0.908701 0.549106 0.603597 0.8895 0.621133 0.625196 14 197
P 361 0 0.867858 0.864505 0.664928 0.868254 0.863139 0.742854 52 101
P 362 0 0.758043 0.792186 0.789133 0.790182 0.82101 0.848942 142 7
P 363 0 0.33857 0.423553 0.801237 0.395734 0.404095 0.742182 149 136
P 364 0 0.552895 0.70659 0.796789 0.614153 0.662047 0.779376 120 183
P 365 0 0.598973 0.658729 0.789857 0.550409 0.721296 0.782248 183 120
P 366 0 0.376516 0.934033 0.328011 0.420649 1.00114 0.335046 146 110
P 367 0 0.803956 0.761 -0.00962028 0.850838 0.77098 0.0474779 41 112
P 368 0 0.786235 0.924497 0.767301 0.756105 0.994756 0.74603 164 137
P 369 0 0.718625 0.936042 0.6945 0.777842 0.958859 0.646078 101 94
P 370 0 0.794021 0.892356 0.804389 0.839346 0.918588 0.744608 179 142
P 371 0 0.746005 0.773471 0.795725 0.736441 0.837355 0.837059 142 179
P 372 0 0.904023 0.651985 0.558007 0.891718 0.653094 0.6356 68 197
P 373 0 0.767569 0.701016 0.81746 0.784674 0.771735 0.853681 118 152
P 374 0 0.739458 0.870674 0.846807 0.724837 0.919466 0.782342 100 54
P 375 0 0.72478 0.712048 0.726699 0.679072 0.746572 0.78738 167 60
P 376 0 0.735582 0.80517 0.942091 0.806799 0.832818 0.917122 26 38
P 377 0 0.701835 0.682927 0.25925 0.622922 0.689862 0.248916 91 161
P 378 0 0.270558 0.770476 0.652155 0.287082 0.804557 0.566025 191 81
P 379 0 0.771813 0.813594 0.781592 0.735844 0.870909 0.831551 142 100
P 380 0 0.74356 0.835816 0.614987 0.734435 0.800203 0.685876 25 176
P 381 0 0.804507 0.608053 0.672644 0.872244 0.641845 0.685284 83 60
P 382 0 0.664119 0.710944 0.822183 0.613263 0.660577 0.85805 118 185
P 383 0 0.912681 0.542217 0.584075 0.887049 0.620833 0.597577 14 173
P 384 0 0.706682 0.783712 0.830185 0.750514 0.850797 0.829075 78 179
P 385 0 0.629611 0.628328 0.80712 0.681509 0.662191 0.85698 114 93
P 386 0 0.912402 0.947023 0.763438 0.893735 0.937303 0.845142 17 0
P 387 0 0.696078 0.840915 0.965169 0.760608 0.79567 0.972496 182 38
P 388 0 0.734242 0.80031 0.685856 0.745152 0.882498 0.692444 176 157
P 389 0 0.745927 0.58203 0.630216 0.81894 0.59423 0.655437 150 83
P 390 0 0.711494 0.863977 0.918003 0.745834 0.807825 0.881115 26 7
P 391 0 0.845698 0.70242 0.647159 0.771197 0.696377 0.670939 150 183
P 392 0 0.638138 0.713437 0.823369 0.644366 0.668652 0.758514 118 183
P 393 0 0.808647 0.680099 0.0289725 0.785317 0.74866 0.0483292 132 29
P 394 0 0.768702 0.80218 0.962793 0.707148 0.830343 0.995971 38 182
P 395 0 0.882344 0.861471 0.668593 0.917435 0.867199 0.742076 52 198
P 396 0 0.573395 0.637689 0.869681 0.491359 0.631243 0.868939 185 187
P 397 0 0.756535 0.789842 0.789959 0.760669 0.812235 0.870353 142 7
P 398 0 0.745318 0.781401 0.951828 0.783415 0.74147 1.01118 26 41
P 399 0 0.804643 0.746856 0.831978 0.747248 0.713238 0.873318 96 93
