400 
 8.300000
P 0 0 0.948849 0.762436 0.933083 0.905929 0.818667 0.903969 167 8
P 1 0 0.0964206 0.820699 0.462705 0.0964206 0.820699 0.462705 108 -1
P 2 0 0.922044 0.703424 0.0750605 0.94921 0.702504 -0.0062411 137 83
P 3 0 0.971936 0.708016 0.779875 0.904004 0.698042 0.81594 54 164
P 4 0 0.870728 0.625456 0.867179 0.846069 0.657994 0.929446 33 176
P 5 0 0.94796 0.663309 0.934639 0.928927 0.59982 0.984695 142 114
P 6 0 0.420417 0.835947 0.761543 0.435878 0.891567 0.70737 91 87
P 7 0 0.967988 0.831652 0.954837 0.930272 0.796291 0.899093 8 120
P 8 0 0.915162 0.686515 0.0230636 0.937173 0.753482 -0.00478655 83 183
P 9 0 0.92526 0.67028 0.972492 0.916361 0.733885 1.00371 60 183
P 10 0 0.693302 0.648873 0.887079 0.730084 0.715642 0.915294 84 189
P 11 0 0.963832 0.701988 0.945288 0.971515 0.63138 0.96432 60 118
P 12 0 0.742507 0.653838 0.0266699 0.745958 0.585467 -0.0126541 97 68
P 13 0 0.916218 0.711039 0.952341 0.990174 0.671369 0.951242 167 118
P 14 0 0.868828 0.623892 0.0122907 0.884201 0.703601 0.0168327 60 183
P 15 0 0.350375 0.288194 0.235035 0.378131 0.213058 0.237629 14 35
P 16 0 0.765223 0.790036 0.922831 0.803843 0.761362 0.988593 180 13
P 17 0 0.760711 0.635826 0.00389179 0.826196 0.656732 0.0406311 175 150
P 18 0 0.733131 0.550242 0.972569 0.748869 0.628251 0.965787 197 175
P 19 0 -0.0207705 0.726832 0.820329 0.0407873 0.768868 0.802487 182 135
P 20 0 0.925967 0.773662 0.866406 0.895314 0.730758 0.924772 25 54
P 21 0 0.778059 0.268697 0.415136 0.722648 0.310778 0.377872 106 117
P 22 0 0.870479 0.715806 0.805897 0.827003 0.694937 0.865192 157 25
P 23 0 0.838455 0.667465 0.279872 0.808732 0.751887 0.300558 56 3
P 24 0 0.685965 0.698025 0.0497167 0.755793 0.728069 0.055194 149 166
P 25 0 0.796365 0.608624 0.970947 0.844088 0.651655 0.932541 150 176
P 26 0 0.826217 0.588864 0.0423424 0.758952 0.589158 0.00235081 60 68
P 27 0 0.830786 0.609084 0.953321 0.791917 0.598695 0.888178 176 33
P 28 0 0.968102 0.68254 0.853506 0.96719 0.753437 0.834084 179 182
P 29 0 0.0638761 0.651784 0.877175 0.00266682 0.598018 0.901972 58 15
P 30 0 0.71862 0.637326 -0.0013641 0.680133 0.696769 0.0358828 97 149
P 31 0 0.776446 0.261224 0.706983 0.703669 0.23713 0.71886 191 40
P 32 0 0.914489 0.681053 0.923355 0.893054 0.633038 0.86123 164 33
P 33 0 0.805892 0.670574 -0.00621675 0.843112 0.738331 0.00947185 84 137
P 34 0 0.867637 0.260684 0.728857 0.830548 0.329535 0.743782 47 28
P 35 0 0.725367 0.64199 0.00655436 0.669299 0.694436 0.0101821 97 149
P 36 0 0.737596 0.65741 0.929057 0.754367 0.585944 0.898183 84 33
P 37 0 0.872186 0.625952 0.86679 0.794661 0.63213 0.877553 33 157
P 38 0 0.0993534 0.737182 0.987026 0.160914 0.778946 0.954252 58 9
P 39 0 0.944967 0.663328 0.929266 0.94122 0.698752 1.00064 142 83
P 40 0 0.931528 0.824024 0.924952 0.927854 0.775163 0.86643 8 25
P 41 0 0.815219 0.606607 0.881969 0.846504 0.659387 0.928766 33 176
P 42 0 0.95103 0.66329 0.940153 0.898389 0.605011 0.9313 142 96
P 43 0 0.976269 0.682339 0.0115059 0.930157 0.746876 -0.00192332 114 183
P 44 0 0.757577 0.711478 0.921552 0.735622 0.656138 0.874888 189 6
P 45 0 0.861302 0.258981 0.734397 0.852529 0.178562 0.73908 47 105
P 46 0 0.931142 0.663413 0.904441 0.991225 0.67362 0.950505 142 118
P 47 0 0.962533 0.612129 0.970616 0.888018 0.639666 0.998757 118 60
P 48 0 0.347939 0.927854 0.773014 0.323606 0.880777 0.719805 4 87
P 49 0 0.979005 0.727328 0.820585 0.902848 0.699915 0.804098 182 164
P 50 0 0.18505 0.23071 0.940248 0.119371 0.194109 0.967749 30 165
P 51 0 0.857512 0.618573 0.986986 0.929173 0.600249 0.984834 167 114
P 52 0 0.727281 0.643313 1.0088 0.747565 0.659332 0.938505 97 84
P 53 0 0.712885 0.652837 0.958928 0.737795 0.583147 0.977919 173 68
P 54 0 0.948792 0.764423 0.990471 0.875428 0.73666 0.962378 183 54
P 55 0 0.936357 0.679402 0.964665 0.986203 0.699654 1.01713 60 114
P 56 0 0.856326 0.616705 0.987686 0.923138 0.589729 0.981416 167 114
P 57 0 0.892455 0.74006 0.785128 0.951983 0.713938 0.817609 157 54
P 58 0 0.932159 0.74876 -0.00274027 0.997461 0.719278 0.0235075 183 114
P 59 0 0.722656 0.640116 1.00337 0.719555 0.577965 0.956855 97 68
P 60 0 0.931582 0.748217 -0.00250479 1.00288 0.728724 0.0265768 183 114
P 61 0 0.97181 0.682162 0.861713 0.912113 0.684902 0.89902 179 164
P 62 0 0.649804 0.66968 0.903445 0.661185 0.597623 0.93123 51 97
P 63 0 0.822884 0.583794 0.965665 0.817056 0.641993 1.01928 176 150
P 64 0 0.820236 0.575319 0.969802 0.864914 0.620674 1.01505 176 60
P 65 0 0.928151 0.598467 0.984255 0.927339 0.671989 0.971025 114 60
P 66 0 0.821209 0.64869 0.0289821 0.873297 0.643436 -0.0223296 150 167
P 67 0 0.914518 0.681005 0.923659 0.900903 0.6636 0.850144 164 142
P 68 0 0.711804 0.632614 0.990637 0.691535 0.687337 0.934016 97 51
P 69 0 0.752601 0.314575 0.702102 0.733129 0.262113 0.759137 28 158
P 70 0 0.832863 0.584691 0.807004 0.81512 0.606574 0.881995 131 33
P 71 0 0.89222 0.607967 0.928179 0.908647 0.656624 0.984208 96 60
P 72 0 0.849761 0.62831 0.906695 0.804632 0.67714 0.864918 96 25
P 73 0 0.850854 0.608087 0.990915 0.846247 0.658562 0.929169 167 176
P 74 0 0.972778 0.72223 0.907706 0.960699 0.767783 0.8415 187 182
P 75 0 0.915451 0.679494 0.933214 0.934649 0.695666 1.00629 164 83
P 76 0 0.871762 0.737748 0.96931 0.915319 0.679708 0.931862 54 164
P 77 0 0.118503 0.170253 0.544411 0.118503 0.170253 0.544411 -1 144
P 78 0 0.708569 0.786735 0.465303 0.630541 0.816605 0.473209 72 43
P 79 0 0.609927 0.524678 0.867723 0.640564 0.583369 0.90703 16 97
P 80 0 0.765288 0.594106 0.924978 0.718072 0.653647 0.910554 6 84
P 81 0 0.812347 0.703184 0.934019 0.796622 0.670769 0.864819 189 25
P 82 0 0.0748902 0.875517 0.240199 0.104287 0.941273 0.206047 38 93
P 83 0 0.776295 0.708644 0.925812 0.83005 0.697361 0.86523 189 25
P 84 0 0.705349 0.693182 0.944136 0.743673 0.624928 0.949069 51 175
P 85 0 0.945564 0.663324 0.930337 0.931945 0.588934 0.948279 142 96
P 86 0 0.942112 0.663345 0.924139 0.93765 0.648181 0.849347 142 33
P 87 0 0.787982 0.653269 0.0916458 0.788166 0.597459 0.0360872 175 68
P 88 0 0.892835 0.674209 0.96614 0.944013 0.626115 0.993238 167 114
P 89 0 0.799595 0.613834 0.978493 0.809546 0.541105 0.986503 150 176
P 90 0 0.728858 0.552741 0.975114 0.747796 0.627565 0.962335 197 175
P 91 0 0.931488 0.604284 0.986145 0.932033 0.540871 0.942927 114 22
P 92 0 0.773273 0.593227 0.0188894 0.781261 0.64897 0.0700181 68 175
P 93 0 0.832017 0.612312 0.877493 0.820938 0.690112 0.865118 33 25
P 94 0 0.725587 0.30939 0.687657 0.702971 0.244669 0.726903 28 40
P 95 0 0.931887 0.735719 0.943093 1.00886 0.711418 0.938143 167 118
P 96 0 0.756104 0.660977 0.946597 0.688887 0.616773 0.963742 84 97
P 97 0 0.966465 0.639515 0.889856 0.911113 0.686522 0.888775 78 164
P 98 0 0.706619 0.565746 0.988359 0.724571 0.64144 1.00562 197 97
P 99 0 0.143015 0.885556 0.432913 0.0958838 0.819145 0.463507 52 108
P 100 0 0.882778 0.663712 0.817598 0.955623 0.683814 0.825885 142 179
P 101 0 0.868304 0.635572 -0.019383 0.837048 0.597767 0.034704 167 60
P 102 0 0.299863 0.462885 0.369698 0.253965 0.413801 0.34287 81 31
P 103 0 0.912576 0.684153 0.903755 0.847113 0.710934 0.865439 164 25
P 104 0 0.946775 0.663317 0.932511 0.95615 0.598451 0.975089 142 118
P 105 0 0.852096 0.677284 0.92003 0.913497 0.663522 0.872757 176 142
P 106 0 0.883901 0.636283 0.00165995 0.831736 0.577974 0.0021979 60 167
P 107 0 0.97997 0.773747 0.914297 0.997668 0.7139 0.866103 187 135
P 108 0 0.954804 0.0465961 0.124372 0.898018 0.0999631 0.120943 115 10
P 109 0 0.848333 0.628994 0.905973 0.912134 0.663531 0.870311 96 142
P 110 0 0.905637 0.682043 0.0312618 0.868204 0.635413 -0.0193236 83 167
P 111 0 0.888774 0.663675 0.828365 0.857778 0.719418 0.86557 142 25
P 112 0 0.841163 0.642291 0.937111 0.883336 0.635818 1.00206 176 60
P 113 0 0.974881 0.788989 0.979824 0.93733 0.744292 0.939881 183 167
P 114 0 0.763631 0.727491 0.231287 0.807914 0.667355 0.188234 3 136
P 115 0 0.543192 0.741927 0.702006 0.558455 0.660872 0.705378 168 172
P 116 0 0.723616 0.65616 0.965691 0.768765 0.640978 1.02981 173 175
P 117 0 0.851617 0.675748 0.92078 0.790808 0.666144 0.864748 176 25
P 118 0 0.864416 0.684971 0.0249074 0.850067 0.60847 0.0255222 183 60
P 119 0 0.926986 0.686736 0.762501 0.8489 0.663921 0.756767 179 142
P 120 0 0.713941 0.701475 0.838279 0.693665 0.648943 0.887422 6 84
P 121 0 0.778043 0.261029 0.780521 0.848482 0.255534 0.745611 191 47
P 122 0 0.943086 0.613858 0.899475 0.915689 0.679109 0.935651 78 164
P 123 0 0.984237 0.658645 0.955403 0.940985 0.698641 1.00084 118 83
P 124 0 0.974273 0.732943 0.909076 0.937209 0.799255 0.897804 187 120
P 125 0 0.994088 0.807075 0.971985 0.931198 0.823954 0.924681 183 8
P 126 0 0.802972 0.711187 0.0177269 0.813247 0.63585 0.0103838 13 150
P 127 0 0.908446 0.663553 0.863687 0.853032 0.680278 0.918569 142 176
P 128 0 0.945066 0.700558 -0.00267448 0.873944 0.693943 0.0210186 83 183
P 129 0 0.829794 0.605909 0.95487 0.843108 0.60275 1.03043 176 60
P 130 0 0.955187 0.694881 0.951385 0.894073 0.731126 0.927118 60 54
P 131 0 0.721571 0.307553 0.417281 0.79165 0.306099 0.384375 117 106
P 132 0 0.673097 0.486262 0.49157 0.629963 0.532002 0.440567 36 110
P 133 0 0.992676 0.668279 0.879072 0.975071 0.738654 0.909807 78 187
P 134 0 0.0329013 0.78402 0.857297 -0.0153108 0.807547 0.918621 123 187
P 135 0 0.711585 0.69582 0.948703 0.694729 0.649148 0.88843 51 84
P 136 0 0.809638 0.630029 0.00195242 0.888332 0.639925 -0.00146504 150 60
P 137 0 0.860945 0.617411 1.01785 0.891346 0.671863 0.967019 60 167
P 138 0 0.761405 0.63627 0.00612676 0.827896 0.659475 0.0446042 175 150
P 139 0 0.818237 0.568922 0.972924 0.87001 0.624863 1.01146 176 60
P 140 0 0.884933 0.637131 1.00093 0.884669 0.611585 0.924358 60 96
P 141 0 0.965085 0.758089 0.836488 0.972885 0.682052 0.864092 182 179
P 142 0 0.953391 0.693405 0.952652 0.950338 0.76478 0.932205 60 167
P 143 0 0.923411 0.643346 0.853141 0.922643 0.722646 0.873091 33 54
P 144 0 0.738059 0.651043 0.879002 0.719149 0.717298 0.912804 6 189
P 145 0 0.89438 0.826233 0.84549 0.957941 0.773876 0.84465 138 182
P 146 0 0.534302 0.0459011 0.417272 0.534302 0.0459011 0.417272 -1 21
P 147 0 0.701778 0.49698 0.883372 0.649197 0.557975 0.875606 16 68
P 148 0 0.871242 0.618018 0.917564 0.850596 0.60768 0.991068 96 167
P 149 0 0.90543 0.65398 0.986476 0.939885 0.663359 0.92014 60 142
P 150 0 0.0810678 0.961429 0.210216 0.124848 0.980365 0.144887 93 74
P 151 0 0.94403 0.716299 0.832648 0.882967 0.739456 0.865879 54 25
P 152 0 0.164337 0.279664 0.88689 0.140187 0.246922 0.954484 178 195
P 153 0 0.756702 0.588519 -0.000247509 0.777043 0.646272 0.0564449 68 175
P 154 0 0.911627 0.598668 0.937999 0.924657 0.669785 0.972917 96 60
P 155 0 0.84542 0.655916 0.930461 0.81797 0.607542 0.881236 176 33
P 156 0 0.966126 0.66466 1.00576 0.944895 0.663328 0.929137 114 142
P 157 0 0.865451 0.621116 1.01467 0.822937 0.583963 0.965583 60 176
P 158 0 0.701727 0.625649 0.978811 0.710418 0.652172 0.903299 97 84
P 159 0 0.956833 0.599915 0.97461 0.899746 0.649307 0.990486 118 60
P 160 0 0.567876 0.693336 0.857272 0.53918 0.777524 0.851048 42 155
P 161 0 0.912764 0.571647 0.975541 0.864099 0.628947 0.983099 114 167
P 162 0 0.736009 0.693171 0.0463577 0.803121 0.719809 0.0127201 166 13
P 163 0 0.865921 0.721527 0.898434 0.921488 0.663473 0.887106 176 142
P 164 0 0.802831 0.703102 0.0224211 0.73325 0.688305 0.0451258 13 166
P 165 0 0.992059 0.860335 0.925376 0.928328 0.823354 0.922329 187 8
P 166 0 0.836185 0.626363 0.944886 0.773605 0.576716 0.93902 176 6
P 167 0 0.394092 0.230447 0.327803 0.373804 0.195324 0.25343 14 35
P 168 0 0.758642 0.608005 0.913755 0.701834 0.649415 0.951963 6 173
P 169 0 0.0361347 0.287445 0.519569 0.0450855 0.351485 0.482004 101 196
P 170 0 0.981348 0.312441 0.598195 0.942649 0.280854 0.663246 101 47
P 171 0 0.904301 0.663579 0.856246 0.883109 0.739568 0.865881 142 25
P 172 0 0.203182 0.757431 0.55403 0.203182 0.757431 0.55403 44 -1
P 173 0 0.778185 0.647003 0.0601205 0.804129 0.621145 -0.010916 175 150
P 174 0 0.240063 0.863619 0.884431 0.270569 0.792409 0.902242 4 9
P 175 0 0.936245 0.663382 0.913604 0.910392 0.658058 0.982978 142 60
P 176 0 0.0968738 0.356993 0.798149 0.037988 0.324097 0.759135 65 121
P 177 0 0.811889 0.63366 1.00721 0.743002 0.662164 0.97791 150 173
P 178 0 0.934324 0.750799 -0.00362384 0.873001 0.725113 0.0343082 183 137
P 179 0 0.974414 0.733948 0.909205 0.908101 0.726963 0.900592 187 54
P 180 0 0.743007 0.624502 0.946925 0.667837 0.602222 0.939038 175 97
P 181 0 0.918305 0.723934 0.881294 0.903744 0.698463 0.813276 54 164
P 182 0 0.975903 0.734183 0.824129 0.934309 0.685989 0.778708 182 179
P 183 0 0.945438 0.686867 0.958261 0.880544 0.654849 0.973394 60 167
P 184 0 0.950303 0.637078 -0.00319967 0.879223 0.632437 0.00495961 114 60
P 185 0 0.819449 0.645852 1.02487 0.773988 0.664424 0.963546 150 84
P 186 0 0.893699 0.747993 0.866011 0.854958 0.698677 0.820566 25 157
P 187 0 0.25225 0.415814 0.341874 0.31138 0.423402 0.285071 31 132
P 188 0 0.318432 0.0789397 0.902794 0.355331 0.0230921 0.948266 99 23
P 189 0 0.016191 0.573754 0.24516 -0.00659779 0.646155 0.222304 140 56
P 190 0 0.959645 0.707404 0.984777 0.970566 0.629346 0.964985 83 118
P 191 0 0.038936 0.77587 0.917065 0.0473319 0.728261 0.856585 118 78
P 192 0 0.450144 0.313208 0.40632 0.421903 0.275763 0.344787 94 79
P 193 0 0.933502 0.797671 0.898493 0.973739 0.729117 0.908587 120 187
P 194 0 0.978041 0.759931 0.912529 0.9608 0.830148 0.948945 187 8
P 195 0 0.0352771 0.715032 0.861544 -0.0260867 0.730363 0.908746 78 187
P 196 0 0.712911 0.652845 0.958945 0.745118 0.655644 1.02973 173 97
P 197 0 0.914391 0.681211 0.922359 0.943167 0.699666 0.99896 164 83
P 198 0 0.631164 0.751953 0.144393 0.631164 0.751953 0.144393 119 -1
P 199 0 0.840533 0.59183 0.997006 0.923661 0.590641 0.981713 167 114
P 200 0 0.969017 0.682447 0.855531 0.900742 0.635649 0.859181 179 33
P 201 0 0.714899 0.653461 0.960198 0.70911 0.574997 0.944793 173 68
P 202 0 0.91452 0.663516 0.874594 0.859581 0.720852 0.865592 142 25
P 203 0 1.00693 0.707287 0.939495 0.945444 0.757072 0.935093 118 167
P 204 0 0.0705034 0.753691 0.847051 0.0324662 0.762005 0.921599 78 118
P 205 0 0.905844 0.785851 0.903632 0.977854 0.758589 0.912358 120 187
P 206 0 0.807258 0.349051 0.349049 0.880663 0.303712 0.322493 106 59
P 207 0 0.679538 0.566596 0.910643 0.754961 0.586146 0.898025 68 33
P 208 0 0.873417 0.643625 0.9776 0.799819 0.614195 0.979017 167 150
P 209 0 0.80321 0.724925 1.00975 0.799901 0.705069 0.931186 13 189
P 210 0 0.782557 0.557996 0.954136 0.836128 0.584892 0.999606 6 167
P 211 0 0.753928 0.665547 -0.0152038 0.802242 0.669156 0.0421313 173 13
P 212 0 0.93121 0.694051 0.00925139 0.932748 0.69869 0.0839551 83 137
P 213 0 0.926536 0.595652 0.983341 0.847425 0.602685 0.992939 114 167
P 214 0 0.96259 0.683103 0.841305 0.963845 0.760831 0.837906 179 182
P 215 0 0.876007 0.647704 0.976071 0.913761 0.573384 0.976106 167 114
P 216 0 0.929046 0.600027 0.984762 0.936374 0.679416 0.964653 114 60
P 217 0 0.917194 0.724264 0.883396 0.959217 0.683447 0.83384 54 179
P 218 0 0.872756 0.718319 0.803745 0.934512 0.719124 0.850648 157 54
P 219 0 0.155611 0.349694 0.444037 0.140889 0.413404 0.493897 19 11
P 220 0 0.864581 0.717239 0.900527 0.83223 0.673593 0.842046 176 157
P 221 0 0.919652 0.821539 0.915217 0.992893 0.823051 0.887458 8 120
P 222 0 0.837525 0.630651 0.942793 0.77077 0.582643 0.934234 176 6
P 223 0 0.802414 0.679088 0.0363642 0.879176 0.69887 0.0188832 13 183
P 224 0 0.894824 0.748888 0.866024 0.858273 0.697051 0.910382 25 176
P 225 0 0.993082 0.677601 0.949203 0.919955 0.665919 0.976233 118 60
P 226 0 0.91502 0.680192 0.928801 0.97397 0.73077 0.908798 164 187
P 227 0 0.914495 0.686202 0.0236379 0.94301 0.624366 -0.0073298 83 114
P 228 0 0.89345 0.81097 0.788453 0.855067 0.808025 0.862279 151 8
P 229 0 0.928878 0.730979 0.944869 0.971995 0.786271 0.981002 167 183
P 230 0 0.969539 0.670609 1.00769 0.916249 0.6782 0.941393 114 164
P 231 0 0.37201 0.187969 0.259983 0.396635 0.227088 0.333199 35 14
P 232 0 0.953491 0.704514 0.990074 0.942865 0.624115 0.992588 83 114
P 233 0 0.713821 0.634009 0.993004 0.723638 0.555794 0.978223 97 197
P 234 0 0.44771 0.0348466 0.360862 0.44771 0.0348466 0.360862 -1 21
P 235 0 0.850023 0.618426 0.872695 0.850703 0.672823 0.922208 33 176
P 236 0 0.693157 0.570465 0.926371 0.768144 0.588135 0.929799 68 6
P 237 0 0.710778 0.695479 0.948113 0.707634 0.629732 0.985744 51 97
P 238 0 0.843292 0.6029 1.0303 0.830817 0.609181 0.953273 60 176
P 239 0 0.801561 0.629941 0.0649007 0.803365 0.619913 -0.0127015 13 150
P 240 0 0.953199 0.642127 -0.00155918 0.873302 0.62757 0.00913509 114 60
P 241 0 0.746656 0.626836 0.958666 0.775212 0.593023 0.892629 175 33
P 242 0 0.914583 0.680901 0.924319 0.844517 0.653027 0.931871 164 176
P 243 0 0.743648 0.58481 0.984678 0.709098 0.651664 0.956541 68 173
P 244 0 0.874977 0.6269 0.866047 0.851718 0.676074 0.920621 33 176
P 245 0 0.964316 0.779041 0.984136 0.9767 0.750324 0.9113 183 187
P 246 0 0.857593 0.694874 0.911444 0.885191 0.630368 0.863325 176 33
P 247 0 0.887374 0.639137 0.999211 0.834443 0.582239 1.0006 60 167
P 248 0 0.932895 0.824309 0.926072 0.976322 0.790346 0.979236 8 183
P 249 0 0.972343 0.707895 0.779107 0.912458 0.762135 0.766223 54 157
P 250 0 0.777462 0.2611 0.753779 0.699654 0.280466 0.765098 191 40
P 251 0 0.834422 0.620718 0.947642 0.76773 0.589 0.9291 176 6
P 252 0 0.795468 0.607178 0.968853 0.800215 0.601513 0.885967 150 33
P 253 0 0.749361 0.586434 0.991276 0.803835 0.52283 0.995423 68 176
P 254 0 0.827752 0.659242 0.0442671 0.803237 0.726453 0.00886243 150 13
P 255 0 0.917339 0.663498 0.879657 0.898239 0.729889 0.91924 142 54
P 256 0 0.87067 0.726144 0.0323715 0.856925 0.659168 0.073188 137 83
P 257 0 0.944228 0.0770777 0.269784 0.944228 0.0770777 0.269784 -1 190
P 258 0 0.132899 0.304637 0.889323 0.168881 0.236377 0.918197 178 30
P 259 0 0.915171 0.679948 0.930344 0.988383 0.667529 0.952497 164 118
P 260 0 0.805478 0.670494 0.99339 0.829908 0.744171 0.9985 84 137
P 261 0 0.852285 0.0417589 0.804559 0.931233 0.029952 0.798496 156 145
P 262 0 0.974379 0.733697 0.909173 0.960807 0.775736 0.985568 187 183
P 263 0 0.898462 0.604976 0.931337 0.913546 0.682581 0.913699 96 164
P 264 0 0.7406 0.19421 0.752357 0.77711 0.261143 0.737583 158 191
P 265 0 0.980822 0.651326 0.957796 0.916019 0.678573 0.939037 118 164
P 266 0 0.871345 0.64036 0.978823 0.91241 0.571029 0.975341 167 114
P 267 0 0.817282 0.501035 0.92245 0.897923 0.508371 0.921511 197 41
P 268 0 0.798232 0.136997 0.601997 0.713917 0.145684 0.594116 67 112
P 269 0 0.898823 0.683642 0.962606 0.956255 0.647454 1.00017 167 114
P 270 0 0.70139 0.261729 0.745106 0.776706 0.261192 0.718971 40 191
P 271 0 1.01425 0.739417 0.903612 0.939515 0.747734 0.938591 123 167
P 272 0 1.00284 0.66769 0.142201 0.967294 0.745386 0.159272 137 136
P 273 0 0.802778 0.700034 0.0242023 0.870568 0.726189 0.0322871 13 137
P 274 0 0.745739 0.62625 0.955717 0.711628 0.695839 0.948735 175 51
P 275 0 0.842623 0.646965 0.93483 0.878868 0.628221 0.86501 176 33
P 276 0 0.758685 0.63453 0.997375 0.691935 0.618879 0.967318 175 97
P 277 0 0.95041 0.790519 0.853254 0.939063 0.717773 0.84204 182 54
P 278 0 0.660248 0.726218 0.899397 0.651641 0.690634 0.968297 189 149
P 279 0 0.0615894 0.85264 0.786043 0.0976408 0.841346 0.718607 123 135
P 280 0 0.865288 0.685792 1.02455 0.923815 0.669093 0.97351 183 60
P 281 0 0.783797 0.660566 0.864662 0.768547 0.709817 0.924049 25 189
P 282 0 0.911363 0.686118 0.891334 0.972553 0.646196 0.887351 164 78
P 283 0 0.921489 0.586855 0.980483 0.870069 0.638351 0.979576 114 167
P 284 0 0.880156 0.613747 0.922075 0.913571 0.682541 0.913948 96 164
P 285 0 0.914552 0.680951 0.924001 0.947139 0.618305 0.897808 164 78
P 286 0 0.943913 0.663334 0.927373 0.951289 0.638798 0.997359 142 114
P 287 0 0.873621 0.737196 0.965793 0.868188 0.688523 1.02337 54 183
P 288 0 0.990616 0.849999 0.924053 0.974184 0.788333 0.980108 187 183
P 289 0 0.385851 0.886759 0.712911 0.350852 0.929588 0.770006 87 4
P 290 0 0.176229 0.799502 0.543941 0.196584 0.774552 0.611274 44 32
P 291 0 0.97991 0.654269 0.884325 0.910003 0.688322 0.877394 78 164
P 292 0 0.973926 0.730457 0.908758 0.950261 0.663295 0.938772 187 142
P 293 0 0.777988 0.56755 0.946421 0.83315 0.61665 0.949628 6 176
P 294 0 0.739421 0.657762 0.930786 0.665436 0.676294 0.914897 84 51
P 295 0 0.758405 0.666934 -0.0123818 0.801992 0.654795 0.0504695 173 13
P 296 0 0.903409 0.721689 0.00899311 0.831264 0.743571 -0.000372856 183 137
P 297 0 0.846088 0.710118 0.865426 0.806605 0.645312 0.866264 25 157
P 298 0 0.701324 0.262439 0.745864 0.777401 0.261108 0.750943 40 191
P 299 0 0.945866 0.761668 0.991666 0.972389 0.709022 0.939253 183 60
P 300 0 0.953781 0.70465 0.989825 0.94469 0.66333 0.928768 83 142
P 301 0 0.723716 0.313979 0.338777 0.798653 0.32537 0.368525 117 106
P 302 0 0.752863 0.660353 0.943526 0.799849 0.614243 0.979086 84 150
P 303 0 0.932363 0.719761 0.85471 0.890456 0.663664 0.831386 54 142
P 304 0 0.707204 0.198971 0.678145 0.740961 0.190934 0.75203 40 158
P 305 0 0.890789 0.69043 0.682381 0.834253 0.664011 0.730467 179 142
P 306 0 0.948503 0.714971 0.82419 0.91507 0.663512 0.875582 54 142
P 307 0 0.880748 0.633691 1.00388 0.826393 0.595023 0.960184 60 176
P 308 0 0.915415 0.724792 0.88676 0.956839 0.68369 0.828575 54 179
P 309 0 0.945018 0.700535 0.997367 1.00341 0.699724 0.941968 83 118
P 310 0 0.832516 0.699322 0.86526 0.899923 0.663606 0.848384 25 142
P 311 0 0.848827 0.60745 0.0263965 0.810073 0.671379 -0.00225472 60 84
P 312 0 0.975139 0.739145 0.90987 0.966735 0.754443 0.834603 187 182
P 313 0 1.01251 0.745512 0.0320313 0.9696 0.784016 -0.0180209 114 183
P 314 0 0.958426 0.773494 0.98654 0.977992 0.759581 0.912484 183 187
P 315 0 0.916406 0.790365 0.90167 0.962125 0.76463 0.83987 120 182
P 316 0 0.902308 0.78434 0.904289 0.979367 0.769426 0.913744 120 187
P 317 0 0.985441 0.819867 0.888842 0.95026 0.764657 0.932251 120 167
P 318 0 0.860489 0.704143 0.90692 0.803769 0.676454 0.864907 176 25
P 319 0 0.0357459 0.790824 0.850232 0.061391 0.795134 0.772089 123 135
P 320 0 0.945062 0.700556 0.997329 0.978495 0.646339 0.959427 83 118
P 321 0 0.762651 0.71071 0.922707 0.728432 0.671173 0.862748 189 6
P 322 0 0.911065 0.686601 0.888279 0.968083 0.658515 0.841239 164 33
P 323 0 0.72174 0.308058 0.411105 0.771214 0.249858 0.430631 117 106
P 324 0 0.826973 0.596879 0.959278 0.837344 0.598011 1.0345 176 60
P 325 0 0.747476 0.663549 -0.0192703 0.802708 0.696014 0.0265367 173 13
P 326 0 0.972122 0.708802 0.939442 0.90489 0.727916 0.906664 60 54
P 327 0 0.866551 0.723544 0.89745 0.842095 0.684481 0.832723 176 157
P 328 0 0.923894 0.772013 0.866381 0.952071 0.713912 0.817442 25 54
P 329 0 0.840123 0.591185 0.997248 0.840653 0.64066 0.937907 167 176
P 330 0 0.720203 0.66529 0.0392984 0.662385 0.692947 -0.00621732 166 149
P 331 0 0.852154 0.610185 1.02405 0.816495 0.563346 0.975647 60 176
P 332 0 0.686109 0.614852 0.960481 0.704308 0.637251 1.0322 97 166
P 333 0 0.922303 0.663468 0.888571 0.859255 0.700195 0.908847 142 176
P 334 0 0.860974 0.68173 0.026312 0.934194 0.695453 0.00668291 183 83
P 335 0 0.764378 0.596009 0.923441 0.755819 0.632697 0.988151 6 175
P 336 0 0.957973 0.602357 0.973811 0.903276 0.652209 0.987996 118 60
P 337 0 0.904061 0.711376 0.0601181 0.947948 0.701911 -0.00515487 137 83
P 338 0 0.770917 0.642354 0.0367349 0.796589 0.608986 -0.0285287 175 150
P 339 0 0.978749 0.764999 0.913178 0.963654 0.778417 0.984406 187 183
P 340 0 0.934312 0.826093 0.871646 0.990237 0.847283 0.923706 182 187
P 341 0 0.864054 0.619968 0.0156573 0.942603 0.623658 -0.00755989 60 114
P 342 0 0.839818 0.705131 0.865349 0.904102 0.66358 0.855887 25 142
P 343 0 0.163404 0.981069 0.165343 0.105025 0.940632 0.205915 74 93
P 344 0 1.00032 0.717282 0.862188 0.92087 0.723173 0.876444 135 54
P 345 0 0.16468 0.348618 0.959377 0.191763 0.407514 1.01253 39 63
P 346 0 0.808996 0.671172 -0.00327531 0.849889 0.608324 0.0256475 84 60
P 347 0 0.614254 0.654638 0.877402 0.630943 0.730656 0.892726 51 189
P 348 0 0.926444 0.686791 0.761301 0.916415 0.766503 0.762483 179 157
P 349 0 0.984609 0.806974 0.918548 0.907593 0.819015 0.905332 187 8
P 350 0 0.9102 0.72634 0.896622 0.900847 0.6636 0.850043 54 142
P 351 0 0.865398 0.621072 1.01471 0.914061 0.573907 0.976276 60 114
P 352 0 0.703293 0.626731 0.980649 0.726918 0.553876 0.97627 97 197
P 353 0 0.79321 0.63053 0.878924 0.84503 0.654669 0.931069 157 176
P 354 0 0.965519 0.709921 0.792011 0.890218 0.73759 0.787242 54 157
P 355 0 0.766941 0.663066 0.956868 0.747249 0.657116 1.03223 84 97
P 356 0 0.982785 0.655533 0.956421 0.972235 0.718341 0.907208 118 187
P 357 0 0.972105 0.717411 0.907089 0.936422 0.679456 0.964619 187 60
P 358 0 0.786323 0.662576 0.864693 0.7579 0.609555 0.912503 25 6
P 359 0 0.862935 0.72352 0.865633 0.90282 0.69996 0.803813 25 164
P 360 0 0.87384 0.644291 -0.0226499 0.839354 0.599663 0.0330778 167 60
P 361 0 0.789222 0.706686 0.928755 0.833314 0.699957 0.86527 189 25
P 362 0 0.920757 0.663477 0.885793 0.943059 0.684911 0.959939 142 60
P 363 0 0.877543 0.735141 0.865812 0.830804 0.67202 0.843394 25 157
P 364 0 0.969532 0.831975 0.956102 1.01041 0.830539 0.884202 8 120
P 365 0 0.0272572 0.75162 0.822449 0.0502122 0.825427 0.814301 135 123
P 366 0 0.737027 0.6532 0.87726 0.682879 0.683674 0.927675 6 51
P 367 0 0.88698 0.664988 0.969595 0.935044 0.610482 0.988159 167 114
P 368 0 0.703244 0.241719 0.723756 0.7762 0.261254 0.695675 40 191
P 369 0 0.981285 0.652317 0.957472 0.914836 0.68049 0.926917 118 164
P 370 0 0.456227 0.30412 0.394383 0.42472 0.279413 0.322665 94 79
P 371 0 0.932048 0.663408 0.906068 0.959117 0.683457 0.833618 142 179
P 372 0 0.737392 0.695611 0.0469755 0.733011 0.65907 -0.028387 166 173
P 373 0 0.975379 0.63966 0.961612 0.943399 0.699775 0.99876 118 83
P 374 0 0.941593 0.683707 0.960972 0.974542 0.734866 0.909322 60 187
P 375 0 0.911466 0.703555 0.955145 0.986243 0.72041 0.929482 167 60
P 376 0 0.907898 0.691732 0.855838 0.967371 0.640509 0.889483 164 78
P 377 0 0.99107 0.804233 0.973217 0.944987 0.756352 0.935362 183 167
P 378 0 0.747065 0.583465 0.900128 0.708007 0.651707 0.901014 33 84
P 379 0 0.0431668 0.784937 0.914099 0.0494351 0.73057 0.855719 118 78
P 380 0 0.906499 0.693999 0.841505 0.865133 0.719007 0.899664 164 176
P 381 0 0.936286 0.696435 0.00488221 0.875341 0.724078 0.0362525 83 137
P 382 0 0.910295 0.70171 0.955836 0.898115 0.67851 1.03774 167 83
P 383 0 0.913246 0.597893 0.938818 0.873081 0.548916 0.989566 96 41
P 384 0 0.919668 0.663484 0.883839 0.94516 0.715963 0.830511 142 54
P 385 0 0.971688 0.714422 0.906707 0.914836 0.663514 0.875162 187 142
P 386 0 0.883143 0.658944 -0.0281403 0.886727 0.673163 0.0475373 167 83
P 387 0 0.925927 0.663445 0.895078 0.919862 0.665843 0.976299 142 60
P 388 0 0.865193 0.719199 0.899571 0.842039 0.684419 0.832775 176 157
P 389 0 0.752553 0.665121 -0.0160705 0.802988 0.712146 0.0171699 173 13
P 390 0 0.969936 0.682353 0.857566 0.964726 0.758882 0.836898 179 182
P 391 0 0.791614 0.667822 -0.0197489 0.856389 0.677412 0.0281834 84 183
P 392 0 0.937853 0.818268 0.8676 0.951855 0.828277 0.941613 182 8
P 393 0 0.665921 0.72047 0.739099 0.619924 0.653728 0.743403 168 42
P 394 0 0.98796 0.702716 1.01813 0.927997 0.67253 0.970561 114 60
P 395 0 0.755033 0.632194 0.985621 0.755162 0.61528 0.90788 175 6
P 396 0 0.887987 0.718485 0.0467614 0.868842 0.738615 -0.0251682 137 54
P 397 0 0.956635 0.648116 1.00039 0.891225 0.671673 0.96709 114 167
P 398 0 0.702125 0.2538 0.736646 0.700021 0.304483 0.673986 40 28
P 399 0 0.94093 0.663353 0.922016 0.880266 0.654412 0.973558 142 167
