400 
 2.200000
P 0 0 0.834693 0.74028 0.535971 0.865359 0.706209 0.598949 41 38
P 1 0 0.705149 0.752463 0.673899 0.678164 0.696784 0.621869 78 171
P 2 0 0.854686 0.100625 0.253302 0.823002 0.134571 0.314138 150 83
P 3 0 0.598899 0.847348 0.708494 0.645719 0.792835 0.743367 152 195
P 4 0 0.755088 0.721291 0.616313 0.685341 0.701398 0.604094 182 171
P 5 0 0.856017 0.479038 0.643674 0.804751 0.542422 0.653683 50 91
P 6 0 0.288029 0.105048 0.345539 0.307141 0.107953 0.419997 66 70
P 7 0 0.803323 0.630304 0.554237 0.790592 0.672745 0.488187 123 190
P 8 0 0.295687 0.0988065 0.650015 0.221699 0.128276 0.604273 136 107
P 9 0 0.299818 0.0470758 0.394853 0.351801 0.0825087 0.350242 177 28
P 10 0 0.411176 0.403158 0.599751 0.354819 0.368726 0.557414 47 168
P 11 0 0.463033 0.901784 0.764202 0.467848 0.915289 0.838154 108 176
P 12 0 0.00817708 0.270046 0.442953 0.0376283 0.194767 0.454706 23 126
P 13 0 0.898367 0.75307 0.386997 0.869201 0.794765 0.442552 80 137
P 14 0 0.906373 0.0259859 0.337247 0.965076 0.0459286 0.293008 181 173
P 15 0 0.307404 0.0278504 0.319348 0.327859 0.0521468 0.249417 66 14
P 16 0 0.577432 0.853846 0.718545 0.632605 0.853606 0.662456 152 93
P 17 0 0.0212581 0.193426 0.448029 0.0771749 0.14458 0.42796 126 191
P 18 0 0.0367587 0.296816 0.275082 0.0565031 0.243037 0.328507 23 76
P 19 0 0.92736 0.716778 0.451163 0.868392 0.704312 0.505948 117 196
P 20 0 0.05067 0.233856 0.305457 0.0573593 0.236353 0.382669 76 122
P 21 0 0.926403 0.370123 0.795921 0.995848 0.379552 0.755986 39 185
P 22 0 0.252576 0.188165 0.411954 0.23308 0.242573 0.358357 84 169
P 23 0 0.545075 0.75275 0.783515 0.558784 0.780104 0.713163 52 140
P 24 0 0.0396963 0.190377 0.396227 0.0643658 0.255413 0.359576 191 76
P 25 0 0.520036 0.809299 0.712554 0.573367 0.829407 0.765459 101 33
P 26 0 0.0608568 0.157976 0.376043 0.0952781 0.0828884 0.382994 82 141
P 27 0 0.725498 0.745407 0.636104 0.768025 0.731839 0.696638 182 38
P 28 0 0.529086 0.751251 0.701998 0.488861 0.696844 0.677273 179 54
P 29 0 0.869169 0.66745 0.341279 0.831312 0.680845 0.406867 86 59
P 30 0 0.907218 0.027345 0.335011 0.910487 0.100393 0.359732 181 197
P 31 0 0.211679 0.264034 0.325216 0.188132 0.20573 0.364106 180 186
P 32 0 0.886754 0.185357 0.301623 0.815685 0.201889 0.328152 13 150
P 33 0 0.735863 0.242604 0.315309 0.780257 0.17953 0.337853 62 147
P 34 0 0.209791 0.158194 0.372944 0.282547 0.126893 0.352951 186 66
P 35 0 0.851755 0.0880827 0.297645 0.92539 0.0565614 0.286939 175 181
P 36 0 0.52844 0.799171 0.774782 0.481631 0.742016 0.791776 52 108
P 37 0 0.042264 0.284366 0.404539 0.0595536 0.247839 0.34056 35 76
P 38 0 0.203157 0.260088 0.342811 0.141288 0.308539 0.34499 180 186
P 39 0 0.19438 0.100418 0.409534 0.205535 0.167536 0.371207 116 186
P 40 0 0.815495 0.709378 0.419739 0.880957 0.737604 0.383558 59 80
P 41 0 0.480724 0.895254 0.832521 0.460216 0.925982 0.760025 176 108
P 42 0 0.538933 0.83497 0.58432 0.481931 0.874613 0.536578 60 127
P 43 0 0.998733 0.622279 0.902427 0.989826 0.679534 0.956829 139 61
P 44 0 0.81808 0.195669 0.323555 0.880896 0.156845 0.352957 150 197
P 45 0 0.180025 0.249377 0.390571 0.117502 0.201601 0.399265 180 3
P 46 0 0.604423 0.773361 0.605347 0.579859 0.845182 0.572627 142 60
P 47 0 0.551746 0.212233 0.756884 0.591168 0.140282 0.733553 128 43
P 48 0 0.883152 0.734363 0.594523 0.822168 0.784797 0.598415 196 190
P 49 0 0.945335 0.0886284 0.234176 1.01707 0.117697 0.259256 181 154
P 50 0 0.302062 0.0491369 0.32657 0.28185 0.0556492 0.254927 66 14
P 51 0 0.164524 0.100478 0.349479 0.200302 0.0387027 0.319116 12 116
P 52 0 0.903658 0.0216221 0.344428 0.850814 0.0736628 0.332744 181 53
P 53 0 -0.00188558 0.222148 0.316628 0.0622939 0.252152 0.351389 122 76
P 54 0 0.704057 0.876537 0.452438 0.656818 0.8811 0.516115 98 114
P 55 0 0.605196 0.813032 0.639323 0.582038 0.814674 0.561908 96 118
P 56 0 0.564054 0.841238 0.577143 0.515959 0.791524 0.545273 60 54
P 57 0 0.951063 0.0739032 0.314072 0.943151 0.085118 0.239952 173 181
P 58 0 0.379684 0.719208 0.779364 0.368613 0.798274 0.774201 17 20
P 59 0 0.952792 0.102397 0.085031 1.03068 0.105754 0.101553 89 154
P 60 0 0.701246 0.879127 0.508491 0.72655 0.816267 0.543634 114 118
P 61 0 0.548705 0.734446 0.598173 0.545347 0.795224 0.645073 179 164
P 62 0 0.0603541 0.252642 0.445251 0.016067 0.193001 0.445911 35 126
P 63 0 1.01232 0.336884 0.337144 0.982543 0.260216 0.347836 35 191
P 64 0 0.862145 0.192619 0.348663 0.923595 0.192496 0.294154 197 175
P 65 0 0.801665 0.712039 0.526841 0.875117 0.718006 0.546309 190 196
P 66 0 0.902892 0.261523 0.132621 0.856206 0.207856 0.169851 65 135
P 67 0 0.611699 0.781694 0.590363 0.548467 0.734649 0.599429 142 179
P 68 0 0.784837 0.652323 0.468097 0.821605 0.698356 0.414766 190 59
P 69 0 0.86883 0.0639002 0.226156 0.83623 0.116382 0.177267 150 135
P 70 0 0.174076 0.236579 0.35837 0.223434 0.269477 0.300944 186 180
P 71 0 0.633844 0.899767 0.753028 0.679894 0.891791 0.690068 78 77
P 72 0 0.514034 0.828756 0.591434 0.548338 0.823615 0.657597 60 96
P 73 0 1.00931 0.224833 0.329111 0.975044 0.162001 0.303986 122 158
P 74 0 0.35075 0.0866344 0.342264 0.308215 0.0246197 0.318252 28 66
P 75 0 0.97979 0.157614 0.308772 0.935911 0.104153 0.336849 158 173
P 76 0 0.515957 0.791517 0.545282 0.557416 0.792919 0.478274 54 199
P 77 0 0.894535 0.0943981 0.299125 0.837558 0.145096 0.286173 53 150
P 78 0 0.367614 0.108653 0.393288 0.344498 0.0412026 0.357468 70 177
P 79 0 0.293872 0.672409 0.0555728 0.293872 0.672409 0.0555728 -1 129
P 80 0 0.290107 0.0550206 0.253938 0.266832 0.120745 0.290347 14 133
P 81 0 0.560745 0.709021 0.791742 0.483959 0.722013 0.795228 52 108
P 82 0 0.861582 0.690449 0.465086 0.795125 0.68883 0.50401 196 190
P 83 0 0.828336 0.726581 0.480953 0.787285 0.66101 0.476643 41 190
P 84 0 0.336462 0.33224 0.482644 0.333591 0.372753 0.547143 34 168
P 85 0 0.788511 0.69405 0.593958 0.76182 0.622484 0.618467 182 105
P 86 0 0.215565 0.145522 0.3753 0.197406 0.0688845 0.363335 186 116
P 87 0 0.843401 0.129926 0.27496 0.909475 0.171974 0.29484 150 175
P 88 0 0.646655 0.873301 0.738811 0.592345 0.912677 0.671033 78 22
P 89 0 0.86582 0.0807797 0.321205 0.808923 0.121484 0.281351 53 83
P 90 0 0.910077 0.138217 0.231902 0.844055 0.164831 0.200407 115 189
P 91 0 0.364944 0.108622 0.394468 0.342807 0.0414249 0.358883 70 177
P 92 0 0.788827 0.851588 0.526251 0.761831 0.898524 0.464394 146 32
P 93 0 0.611516 0.781484 0.590741 0.57655 0.818364 0.64853 142 96
P 94 0 0.909655 0.762418 0.475855 0.869314 0.706189 0.511481 117 196
P 95 0 0.655544 0.881157 0.516333 0.631618 0.815221 0.555638 114 118
P 96 0 0.237378 0.0410454 0.234954 0.17585 0.0615876 0.277894 36 188
P 97 0 0.592594 0.831787 0.683454 0.51915 0.829048 0.666978 7 96
P 98 0 0.905226 0.226538 0.23359 0.919812 0.186998 0.294338 158 175
P 99 0 0.928505 0.185833 0.410197 0.920908 0.134104 0.359402 126 173
P 100 0 0.686981 0.820689 0.667254 0.736482 0.873566 0.686427 152 0
P 101 0 0.00497333 0.232807 0.366828 0.048361 0.230221 0.296334 191 76
P 102 0 0.898563 0.79101 0.491324 0.911007 0.835812 0.431096 117 137
P 103 0 0.454173 0.821981 0.810959 0.51199 0.765895 0.792471 157 179
P 104 0 0.984079 0.131228 0.382581 0.945434 0.154011 0.317196 99 97
P 105 0 0.576858 0.706415 0.667576 0.528486 0.751765 0.705171 100 179
P 106 0 0.389298 0.105841 0.202761 0.349594 0.0504922 0.246814 69 14
P 107 0 0.197326 0.0697112 0.364546 0.234174 0.0408425 0.298944 116 133
P 108 0 0.875079 0.746469 0.449627 0.870683 0.708977 0.519698 120 196
P 109 0 0.569488 0.775477 0.720765 0.610273 0.759839 0.653655 140 33
P 110 0 0.307464 0.0536994 0.251859 0.340697 0.126088 0.265967 14 28
P 111 0 0.631759 0.748556 0.764991 0.621687 0.729297 0.839608 140 195
P 112 0 -0.00370119 0.364974 0.301096 0.033279 0.293557 0.29552 35 23
P 113 0 0.34284 0.139393 0.347633 0.271947 0.169128 0.36728 84 66
P 114 0 0.841625 0.65076 0.558432 0.87548 0.718744 0.548484 182 196
P 115 0 0.925342 0.0564847 0.287065 0.862507 0.103709 0.297122 181 175
P 116 0 0.949518 0.120475 0.256845 0.923551 0.0536053 0.291803 53 181
P 117 0 0.562965 0.702827 0.792907 0.591263 0.634136 0.758594 52 4
P 118 0 0.0288543 0.289413 0.321508 0.0458679 0.233598 0.36986 23 122
P 119 0 0.734588 0.740643 0.730197 0.779298 0.762517 0.664008 38 26
P 120 0 0.569451 0.757199 0.793705 0.584191 0.809003 0.732668 176 33
P 121 0 0.201281 0.176872 0.369471 0.202522 0.259794 0.344122 186 180
P 122 0 0.667853 0.826479 0.67621 0.730883 0.850672 0.63319 152 93
P 123 0 0.363319 0.108603 0.395185 0.324096 0.0438845 0.374539 70 177
P 124 0 0.0627849 0.248379 0.450721 0.0456227 0.183136 0.401245 35 191
P 125 0 0.847265 0.767368 0.644765 0.814154 0.756358 0.570438 41 190
P 126 0 0.878283 0.126638 0.296356 0.952782 0.122022 0.254335 175 53
P 127 0 0.842484 0.768533 0.449873 0.808939 0.731397 0.391166 137 32
P 128 0 0.0184969 0.116446 0.24273 0.0920365 0.103331 0.275511 154 141
P 129 0 0.557744 0.775414 0.798827 0.542528 0.702891 0.831444 176 88
P 130 0 0.668461 0.815627 0.55098 0.632712 0.772585 0.494785 118 167
P 131 0 0.821778 0.666935 0.571706 0.809158 0.738631 0.553 182 190
P 132 0 0.457832 0.349186 0.607255 0.401115 0.36948 0.657602 168 47
P 133 0 0.917512 0.140359 0.236675 0.97085 0.16985 0.187899 115 172
P 134 0 0.861697 0.720496 0.379752 0.890078 0.757697 0.450439 80 120
P 135 0 0.435477 0.850547 0.846577 0.467878 0.86016 0.771385 198 108
P 136 0 0.170477 0.0847322 0.392009 0.096361 0.0760594 0.4189 12 141
P 137 0 0.959156 0.0577473 0.301907 0.89036 0.0924177 0.302336 173 53
P 138 0 0.859463 0.113502 0.225058 0.816266 0.180079 0.209697 97 189
P 139 0 0.0436905 0.281865 0.40775 0.00255721 0.23576 0.364782 35 191
P 140 0 0.967959 0.0401731 0.288675 0.936746 0.114417 0.266666 173 53
P 141 0 0.223265 0.216559 0.35157 0.264131 0.181922 0.403721 169 84
P 142 0 0.732731 0.794014 0.723964 0.680651 0.797942 0.664492 77 7
P 143 0 0.535052 0.693906 0.748214 0.513811 0.764335 0.782832 142 179
P 144 0 0.876841 0.475804 0.590716 0.864114 0.450069 0.678884 112 185
P 145 0 0.740379 0.706108 0.426352 0.815861 0.702136 0.446424 16 120
P 146 0 0.606069 0.767763 0.66639 0.620592 0.840783 0.698337 33 152
P 147 0 0.683688 0.796775 0.663838 0.734007 0.741727 0.684236 7 26
P 148 0 0.555806 0.885586 0.533448 0.541398 0.911479 0.460371 114 167
P 149 0 0.164322 0.0603335 0.310807 0.175127 0.0957654 0.23783 169 36
P 150 0 0.740728 0.779216 0.729094 0.713673 0.734854 0.66444 77 78
P 151 0 0.939539 0.0969107 0.331396 0.873315 0.119418 0.296597 173 175
P 152 0 0.277779 0.145888 0.359395 0.33357 0.108259 0.408324 66 70
P 153 0 1.01548 0.192954 0.445674 0.968677 0.130584 0.458289 126 82
P 154 0 0.509516 0.768015 0.805565 0.453063 0.816963 0.799676 179 157
P 155 0 0.515105 0.841758 0.81748 0.460016 0.848388 0.870336 176 157
P 156 0 0.896946 0.762839 0.45081 0.945049 0.713698 0.49467 120 194
P 157 0 0.898594 0.178651 0.392945 0.969117 0.189158 0.426762 173 126
P 158 0 0.998462 0.163678 0.288638 0.93174 0.20203 0.260324 115 158
P 159 0 0.342906 0.117418 0.282734 0.286371 0.16855 0.285203 28 133
P 160 0 0.739297 0.690899 0.454281 0.766385 0.735603 0.399456 16 98
P 161 0 0.947694 0.0924224 0.227934 0.907424 0.136101 0.27646 181 97
P 162 0 0.270643 0.174321 0.369042 0.226139 0.20245 0.430793 66 84
P 163 0 0.162744 0.0561495 0.309715 0.203702 0.00327586 0.267213 169 116
P 164 0 0.834918 0.15195 0.291239 0.779174 0.179668 0.337828 150 147
P 165 0 0.664774 0.815586 0.551446 0.635474 0.768384 0.495826 118 167
P 166 0 0.463763 0.937717 0.888287 0.46219 0.858212 0.892425 198 157
P 167 0 0.793392 0.725159 0.671178 0.724098 0.746548 0.63704 38 182
P 168 0 0.824128 0.230101 0.281627 0.789021 0.178415 0.338058 62 147
P 169 0 0.848092 0.794095 0.633283 0.854384 0.782707 0.70637 26 41
P 170 0 0.219517 0.136849 0.376913 0.286361 0.111694 0.347794 186 66
P 171 0 0.820733 0.699928 0.415476 0.841013 0.767089 0.450276 59 137
P 172 0 0.235212 0.0433828 0.298671 0.296951 0.0544997 0.253118 133 14
P 173 0 0.124178 0.276115 0.328654 0.0533229 0.238032 0.31594 3 76
P 174 0 0.94525 0.148349 0.254481 0.940139 0.216543 0.29335 115 175
P 175 0 0.0967918 0.187303 0.384113 0.0253996 0.207847 0.384122 31 191
P 176 0 0.0552198 0.23584 0.380284 0.0895991 0.179948 0.420059 122 31
P 177 0 0.830779 0.179333 0.273562 0.810825 0.214507 0.337479 13 150
P 178 0 0.970783 0.189294 0.427441 1.0059 0.231669 0.367616 126 191
P 179 0 0.544407 0.796167 0.804662 0.480283 0.753594 0.789777 176 108
P 180 0 0.0337476 0.230692 0.356349 0.0751806 0.162233 0.363263 122 82
P 181 0 0.513756 0.711693 0.827243 0.570722 0.755221 0.793149 88 176
P 182 0 0.560734 0.72332 0.695324 0.623125 0.71515 0.641604 142 100
P 183 0 0.569725 0.775374 0.720933 0.643994 0.788274 0.750275 140 195
P 184 0 0.91368 0.735159 0.597893 0.843625 0.759524 0.613262 161 41
P 185 0 0.00452656 0.266626 0.464394 0.0104243 0.19254 0.44361 23 126
P 186 0 0.852579 0.77882 0.690757 0.813599 0.719838 0.650899 41 38
P 187 0 0.970647 0.166065 0.299553 1.00689 0.224251 0.326407 158 122
P 188 0 0.889687 0.659628 0.486643 0.874495 0.716738 0.542572 161 196
P 189 0 0.835596 0.172488 0.339146 0.901217 0.159971 0.295241 147 175
P 190 0 0.473393 0.717457 0.768375 0.550365 0.737987 0.786292 17 52
P 191 0 0.130396 0.332445 0.340545 0.122194 0.253968 0.349641 186 3
P 192 0 0.283335 0.161122 0.286002 0.251833 0.112614 0.229312 133 153
P 193 0 0.837552 0.74644 0.560712 0.867759 0.703025 0.502153 41 196
P 194 0 0.699302 0.879214 0.508825 0.753815 0.926961 0.476854 114 32
P 195 0 0.868521 0.704576 0.506724 0.892624 0.694409 0.432289 196 102
P 196 0 0.554977 0.204769 0.259256 0.500817 0.2233 0.316338 49 103
P 197 0 0.558942 0.808493 0.630839 0.576789 0.741709 0.66226 164 142
P 198 0 0.190535 0.0822216 0.237118 0.219241 0.133103 0.29494 36 188
P 199 0 0.0995389 0.117253 0.446896 0.0950682 0.084212 0.376035 191 141
P 200 0 0.649397 0.867637 0.735769 0.72626 0.861139 0.712165 78 0
P 201 0 0.174141 0.0750396 0.41819 0.156737 0.106212 0.486423 12 70
P 202 0 0.591078 0.758075 0.632831 0.531442 0.749233 0.689528 142 179
P 203 0 0.613421 0.756484 0.751967 0.663638 0.709427 0.715665 140 26
P 204 0 0.763333 0.742504 0.40205 0.803783 0.693095 0.44577 98 120
P 205 0 0.924068 0.11139 0.122406 0.987238 0.163087 0.142523 89 172
P 206 0 0.306407 0.0537798 0.251986 0.315979 -0.00631396 0.307757 14 66
P 207 0 0.838682 0.12761 0.176357 0.855614 0.0982157 0.251521 135 150
P 208 0 0.0656768 0.257477 0.364756 0.105625 0.196336 0.339969 76 31
P 209 0 0.103747 0.194415 0.349356 0.0339895 0.173913 0.311444 31 115
P 210 0 0.954128 0.187931 0.420648 0.881668 0.21244 0.418387 126 173
P 211 0 0.191628 0.198058 0.365532 0.260317 0.183983 0.406439 186 84
P 212 0 0.776806 0.801339 0.502102 0.778802 0.838315 0.438013 146 32
P 213 0 0.0289052 0.28946 0.321209 -0.00101268 0.36026 0.307146 23 35
P 214 0 0.0132836 0.274829 0.412961 0.0850279 0.242987 0.413512 23 122
P 215 0 0.568147 0.870792 0.470452 0.534899 0.886515 0.537035 167 114
P 216 0 0.98594 0.219228 0.303056 0.996828 0.178227 0.372276 122 97
P 217 0 -0.0169532 0.164817 0.154128 0.0281163 0.108004 0.131261 172 154
P 218 0 0.582085 0.824669 0.856777 0.57026 0.835263 0.77487 10 33
P 219 0 0.535183 0.780355 0.778322 0.476186 0.787572 0.723241 52 101
P 220 0 0.129763 0.746493 0.141849 0.0688034 0.789945 0.112147 162 160
P 221 0 0.768926 0.873354 0.453366 0.781171 0.819587 0.510872 32 146
P 222 0 0.949135 0.124776 0.475725 0.976629 0.189773 0.429825 82 126
P 223 0 1.00856 0.183754 0.384847 0.930052 0.185959 0.410828 97 126
P 224 0 0.202304 0.0718765 0.236575 0.201876 0.0223012 0.295087 36 116
P 225 0 0.495937 0.823469 0.513589 0.495937 0.823469 0.513589 199 -1
P 226 0 0.80908 0.730896 0.390947 0.740433 0.706872 0.424949 32 16
P 227 0 0.351576 0.108467 0.400372 0.314258 0.0451777 0.382771 70 177
P 228 0 1.00391 0.156206 0.0963598 0.983416 0.09281 0.0451854 172 89
P 229 0 0.86899 0.726974 0.381193 0.88306 0.752443 0.450059 80 120
P 230 0 0.755186 0.72121 0.616247 0.773188 0.730479 0.691456 182 38
P 231 0 0.690888 0.164279 0.203434 0.706576 0.0796661 0.202681 13 92
P 232 0 0.644879 0.790614 0.746731 0.648844 0.868779 0.736382 195 78
P 233 0 0.912271 0.151346 0.372384 0.902344 0.161609 0.295187 173 175
P 234 0 0.787326 0.661157 0.476787 0.825022 0.595052 0.453302 190 119
P 235 0 0.530503 0.793415 0.775865 0.537367 0.71626 0.760873 52 17
P 236 0 0.00494524 0.192091 0.441375 -0.0013542 0.143434 0.380013 126 99
P 237 0 0.343842 0.113745 0.289836 0.362815 0.0494858 0.24523 28 14
P 238 0 0.654645 0.856795 0.729945 0.671038 0.852459 0.651011 78 93
P 239 0 0.858886 0.0897187 0.245241 0.923534 0.142094 0.240541 150 115
P 240 0 0.872834 0.744788 0.449506 0.791363 0.75291 0.439376 120 59
P 241 0 0.799919 0.763398 0.405188 0.863852 0.789513 0.444018 32 137
P 242 0 0.018502 0.116441 0.242671 0.0200449 0.169896 0.302493 154 115
P 243 0 0.0106761 0.22516 0.33063 0.0378502 0.192633 0.394664 122 191
P 244 0 0.600793 0.777707 0.682372 0.520435 0.770909 0.671157 33 164
P 245 0 0.0677236 0.205698 0.100268 0.00687457 0.154983 0.0881548 65 172
P 246 0 0.573721 0.828738 0.764385 0.522896 0.810717 0.711857 33 101
P 247 0 0.124461 0.279276 0.325658 0.183305 0.334481 0.33718 3 27
P 248 0 0.890315 0.757875 0.450451 0.828835 0.727655 0.485268 120 41
P 249 0 0.597435 0.849568 0.567606 0.61767 0.81071 0.635314 60 96
P 250 0 0.176083 0.0699036 0.432062 0.097055 0.0716831 0.441911 12 141
P 251 0 0.229077 0.115868 0.380814 0.269245 0.179893 0.370932 186 66
P 252 0 0.804391 0.231212 0.349827 0.747485 0.183701 0.337087 150 147
P 253 0 0.795041 0.688727 0.58959 0.82877 0.618831 0.611534 182 91
P 254 0 0.873861 0.120287 0.24049 0.84455 0.15448 0.174179 97 135
P 255 0 0.431853 0.354114 0.594686 0.39945 0.363908 0.667173 168 47
P 256 0 0.951586 0.121455 0.255255 0.96877 0.170709 0.193658 53 172
P 257 0 0.56992 0.835904 0.775901 0.567276 0.776433 0.719194 33 140
P 258 0 0.0335403 0.103243 0.0684084 0.0392501 0.141623 -0.00148501 154 172
P 259 0 0.160563 0.266236 0.352856 0.233677 0.244155 0.35877 186 169
P 260 0 0.237717 0.0407467 0.234939 0.171202 0.0539281 0.276069 36 188
P 261 0 0.80716 0.67885 0.581484 0.760429 0.65528 0.637293 182 105
P 262 0 0.292715 0.0480095 0.400797 0.352483 0.0798309 0.355421 177 28
P 263 0 0.490551 0.794689 0.71974 0.512838 0.765169 0.787981 101 179
P 264 0 0.831818 0.679933 0.406456 0.87775 0.622051 0.431295 59 161
P 265 0 0.563006 0.814465 0.564314 0.515376 0.813809 0.502423 118 199
P 266 0 0.00585182 0.348221 0.322594 0.0365355 0.296607 0.276393 35 23
P 267 0 0.660885 0.194722 0.335064 0.724573 0.244203 0.319617 147 62
P 268 0 0.589109 0.75582 0.636887 0.626881 0.818609 0.676071 142 7
P 269 0 0.699808 0.763498 0.679827 0.660573 0.802724 0.621525 78 96
P 270 0 0.704348 0.112019 0.118546 0.702709 0.0697882 0.190933 25 92
P 271 0 0.768707 0.710191 0.607204 0.755143 0.751429 0.674796 182 26
P 272 0 0.640452 0.778908 0.764462 0.584185 0.734272 0.787259 195 176
P 273 0 0.888562 0.241943 0.216788 0.876538 0.300967 0.162303 158 135
P 274 0 0.342152 0.0415111 0.359431 0.346548 0.103124 0.310376 177 28
P 275 0 0.912712 0.73211 0.593402 0.845741 0.764084 0.631574 161 41
P 276 0 0.951029 0.0739718 0.314124 0.902307 0.115998 0.357859 173 197
P 277 0 0.351529 0.134698 0.341441 0.33342 0.108257 0.40839 84 70
P 278 0 0.230878 0.142567 0.233326 0.207551 0.0672637 0.236332 153 36
P 279 0 0.946299 0.118948 0.25932 0.880638 0.129737 0.213004 53 115
P 280 0 0.984309 0.218837 0.301239 0.996533 0.142136 0.325654 122 158
P 281 0 0.804177 0.915754 0.557088 0.866228 0.87436 0.536418 146 117
P 282 0 0.647059 0.872466 0.738363 0.610016 0.913371 0.663209 78 22
P 283 0 0.941946 0.0921048 0.327778 0.875434 0.122498 0.296494 173 175
P 284 0 0.317843 0.1529 0.365446 0.377141 0.108763 0.389081 84 70
P 285 0 0.915897 0.139894 0.235638 0.93509 0.0721571 0.261278 115 181
P 286 0 0.891022 0.128372 0.258881 0.965302 0.12796 0.244708 97 53
P 287 0 0.750024 0.183378 0.337146 0.70707 0.246682 0.326296 147 62
P 288 0 0.738822 0.684213 0.466558 0.81342 0.700309 0.446292 16 120
P 289 0 0.87951 0.159491 0.352639 0.819805 0.131599 0.306693 197 83
P 290 0 0.740666 0.844363 0.480631 0.743236 0.787946 0.419134 59 98
P 291 0 0.711532 0.739278 0.666816 0.687774 0.702962 0.598067 78 171
P 292 0 0.0640138 0.160663 0.416817 -0.00781765 0.138018 0.381152 191 99
P 293 0 0.176492 0.0688219 0.434984 0.109838 0.104668 0.455616 12 191
P 294 0 0.054582 0.235687 0.379573 0.00977335 0.271541 0.433578 122 23
P 295 0 0.771499 0.724039 0.395109 0.833888 0.676198 0.404771 98 59
P 296 0 0.186627 0.0420122 0.507399 0.158779 0.106236 0.485521 12 70
P 297 0 0.78629 0.60274 0.529808 0.764975 0.548135 0.575788 123 105
P 298 0 0.780947 0.763274 0.663271 0.726442 0.808746 0.648778 26 152
P 299 0 0.924071 0.725258 0.45575 0.895842 0.679005 0.515183 117 161
P 300 0 0.889296 0.757112 0.450396 0.869891 0.727775 0.381371 120 80
P 301 0 0.76749 0.733103 0.398516 0.762918 0.662502 0.44356 98 120
P 302 0 0.872315 0.117965 0.296646 0.914792 0.0921797 0.360718 175 197
P 303 0 0.494423 0.716275 0.650182 0.571758 0.735948 0.672619 54 142
P 304 0 0.511099 0.804871 0.714732 0.580967 0.836256 0.685957 101 7
P 305 0 0.827522 0.634325 0.481374 0.805243 0.63341 0.55699 119 123
P 306 0 0.811259 0.720454 0.653247 0.742601 0.745672 0.680398 38 26
P 307 0 0.548583 0.784514 0.705917 0.603386 0.827639 0.68113 140 7
P 308 0 0.786998 0.603886 0.530823 0.78621 0.657196 0.472891 123 190
P 309 0 0.878174 0.623386 0.43326 0.863493 0.694338 0.476548 161 196
P 310 0 0.442409 0.733521 0.816825 0.475619 0.793666 0.782861 88 108
P 311 0 0.266554 0.015398 0.233606 0.265101 0.0936489 0.226771 36 153
P 312 0 0.786288 0.72703 0.678309 0.851359 0.776191 0.680198 38 41
P 313 0 0.641388 0.759388 0.498055 0.638915 0.815301 0.554716 167 118
P 314 0 0.907209 0.714788 0.567889 0.867516 0.70253 0.500695 161 196
P 315 0 0.765891 0.526537 0.56339 0.777084 0.587844 0.516606 105 123
P 316 0 0.274549 0.107576 0.434391 0.297248 0.164028 0.380122 70 84
P 317 0 0.836688 0.147293 0.34601 0.843844 0.227533 0.344472 83 197
P 318 0 0.479027 0.730494 0.714512 0.505239 0.801968 0.71616 164 101
P 319 0 0.528582 0.686495 0.76154 0.464299 0.716119 0.729933 142 164
P 320 0 0.706536 0.705683 0.304842 0.658489 0.684095 0.24533 159 148
P 321 0 -0.0223146 0.159559 0.30665 0.0522989 0.179187 0.323197 158 115
P 322 0 0.845447 0.380715 0.769128 0.918396 0.375966 0.805324 64 39
P 323 0 0.19993 0.179837 0.36892 0.19054 0.254246 0.36886 186 180
P 324 0 0.52117 0.942248 0.452747 0.52117 0.942248 0.452747 167 -1
P 325 0 0.188393 0.0373406 0.520017 0.155931 0.106203 0.486779 12 70
P 326 0 0.601276 0.850527 0.566508 0.536183 0.886458 0.536815 60 114
P 327 0 0.764295 0.634727 0.576975 0.771172 0.708181 0.605555 50 182
P 328 0 0.546326 0.700651 0.684715 0.481484 0.671065 0.713213 100 54
P 329 0 0.0472817 0.153942 0.388155 -0.00030007 0.139209 0.328847 82 158
P 330 0 0.871444 0.710527 0.524265 0.863757 0.632721 0.543629 196 182
P 331 0 0.871689 0.119263 0.238161 0.86309 0.18281 0.28976 97 13
P 332 0 0.329845 0.373463 0.545331 0.353695 0.316599 0.498606 168 34
P 333 0 0.479883 0.73133 0.713616 0.536737 0.744697 0.661505 164 179
P 334 0 0.104869 0.11074 0.451408 0.182404 0.106509 0.475087 191 70
P 335 0 0.165929 0.0967618 0.359517 0.192905 0.115786 0.432049 12 116
P 336 0 0.169177 0.0881706 0.382722 0.0960461 0.0780457 0.408457 12 141
P 337 0 0.863029 0.0789608 0.237289 0.937767 0.076461 0.254196 150 181
P 338 0 0.873685 0.120204 0.240301 0.948877 0.0943245 0.224804 97 181
P 339 0 0.764573 0.0802575 0.17807 0.717981 0.103536 0.117931 83 25
P 340 0 0.195924 0.0843235 0.385954 0.228268 0.10704 0.454831 116 70
P 341 0 0.851432 0.0739559 0.332269 0.841253 0.135503 0.279082 53 150
P 342 0 0.841059 0.742102 0.246622 0.899972 0.796847 0.227634 24 79
P 343 0 0.845897 0.76442 0.632923 0.873251 0.815639 0.689647 41 29
P 344 0 0.322916 0.0525231 0.250009 0.312228 0.00862979 0.312827 14 66
P 345 0 0.241468 0.107193 0.449001 0.220229 0.135287 0.377203 70 186
P 346 0 0.173551 0.0847924 0.317189 0.0930567 0.0968974 0.309337 169 141
P 347 0 0.76285 0.743594 0.40246 0.764232 0.801852 0.461454 98 59
P 348 0 0.19696 0.106678 0.468658 0.117933 0.0947761 0.46247 70 191
P 349 0 0.804547 0.722267 0.536903 0.865289 0.697996 0.48733 190 196
P 350 0 0.502298 0.743793 0.611817 0.497807 0.748824 0.694849 54 164
P 351 0 0.51155 0.828137 0.592144 0.535516 0.886487 0.536929 60 114
P 352 0 0.88657 0.811819 0.437792 0.917918 0.741117 0.464331 137 117
P 353 0 0.582288 0.825233 0.856569 0.507285 0.853927 0.820901 10 176
P 354 0 0.765071 0.54587 0.574488 0.771214 0.622982 0.582006 105 50
P 355 0 0.179091 0.0994772 0.32102 0.201552 0.0256811 0.300039 169 116
P 356 0 0.718703 0.724464 0.658859 0.774946 0.705106 0.603031 78 182
P 357 0 0.871303 0.71024 0.523421 0.944417 0.714429 0.494234 196 194
P 358 0 0.304495 0.107922 0.421165 0.281114 0.172745 0.391619 70 84
P 359 0 0.452324 0.704431 0.742471 0.38503 0.742404 0.745455 164 101
P 360 0 0.0824478 0.242369 0.410636 0.103934 0.194607 0.348418 122 31
P 361 0 0.0226888 0.283638 0.35772 0.0528173 0.265859 0.428289 23 35
P 362 0 0.644676 0.877389 0.741007 0.666441 0.916686 0.681438 78 77
P 363 0 0.973776 0.680462 0.514477 0.90358 0.703363 0.551061 194 161
P 364 0 0.820705 0.699979 0.415499 0.740251 0.704308 0.429657 59 16
P 365 0 0.783714 0.696418 0.384725 0.821506 0.706363 0.446729 98 120
P 366 0 0.229442 0.23293 0.355841 0.170005 0.244738 0.411259 169 180
P 367 0 0.295056 0.189802 0.282916 0.341104 0.124494 0.26905 133 28
P 368 0 1.00043 0.157643 0.106 0.948617 0.103704 0.0904639 172 89
P 369 0 0.534358 0.621791 0.69671 0.475893 0.629304 0.74984 4 15
P 370 0 0.463796 0.715628 0.730459 0.534854 0.693679 0.748623 164 142
P 371 0 0.605151 0.774194 0.603848 0.543047 0.739293 0.628116 142 179
P 372 0 0.340387 0.0511931 0.247916 0.342453 0.119196 0.279295 14 28
P 373 0 0.672182 0.852424 0.65067 0.743127 0.881645 0.669695 93 0
P 374 0 0.555107 0.702308 0.679786 0.483206 0.677085 0.70482 100 54
P 375 0 0.605473 0.814017 0.484519 0.602975 0.814905 0.55926 167 118
P 376 0 0.63772 0.835599 0.690318 0.636948 0.914428 0.651283 152 22
P 377 0 0.34161 0.122507 0.272892 0.31606 0.053045 0.25083 28 14
P 378 0 0.288985 0.617158 0.983534 0.288985 0.617158 0.983534 -1 8
P 379 0 0.585715 0.751933 0.643876 0.541616 0.699762 0.687359 142 100
P 380 0 0.45288 0.628536 0.692883 0.412665 0.590828 0.749649 15 94
P 381 0 0.282269 0.127998 0.353326 0.212781 0.151632 0.374164 66 186
P 382 0 0.652888 0.815455 0.552949 0.62694 0.882427 0.521242 118 114
P 383 0 0.868488 0.183391 0.292466 0.848206 0.11745 0.265738 13 150
P 384 0 0.71552 0.75354 0.642778 0.668536 0.690594 0.645718 182 171
P 385 0 0.766639 0.876223 0.49727 0.707086 0.869688 0.449863 114 98
P 386 0 0.742846 0.740788 0.362669 0.798797 0.767377 0.406931 16 32
P 387 0 0.729191 0.742397 0.633634 0.804883 0.722133 0.659645 182 38
P 388 0 0.396384 0.888026 0.979396 0.467224 0.880963 0.943583 9 157
P 389 0 0.962605 0.213633 0.277045 0.936602 0.14985 0.30773 122 97
P 390 0 0.697403 0.724926 0.700584 0.682744 0.797138 0.664042 26 7
P 391 0 0.811696 0.212245 0.335807 0.73291 0.185556 0.336747 150 147
P 392 0 0.220219 0.157803 0.235368 0.20012 0.101589 0.287428 153 188
P 393 0 0.666529 0.801616 0.619611 0.620535 0.815098 0.55704 96 118
P 394 0 0.77763 0.729309 0.686998 0.752861 0.723105 0.617802 38 182
P 395 0 0.149621 0.118186 0.239008 0.218602 0.160114 0.235678 36 153
P 396 0 0.166232 0.103585 0.238241 0.209436 0.173216 0.237434 36 153
P 397 0 0.529654 0.806714 0.494221 0.52764 0.814075 0.568786 199 118
P 398 0 0.777765 0.761813 0.664693 0.710601 0.81354 0.656195 26 152
P 399 0 0.82207 0.536658 0.618988 0.7658 0.528675 0.564617 50 105
