400 
 6.200000
P 0 0 0.544195 0.785311 0.80559 0.519849 0.798646 0.878373 187 98
P 1 0 0.66844 0.79811 0.939771 0.616992 0.833356 0.982392 152 171
P 2 0 0.616146 0.631268 0.655211 0.623641 0.699168 0.614513 150 13
P 3 0 0.767403 0.81601 0.829002 0.804557 0.808564 0.896396 152 195
P 4 0 0.717149 0.890532 0.0327312 0.761797 0.877209 -0.0302956 182 100
P 5 0 0.506177 0.778667 0.791243 0.54458 0.825318 0.835389 120 80
P 6 0 0.760706 0.777403 0.13742 0.77172 0.796275 0.212361 182 121
P 7 0 0.471122 0.695725 0.842867 0.537572 0.666291 0.865376 187 185
P 8 0 0.822908 0.804214 0.969958 0.756046 0.843637 0.971918 29 38
P 9 0 0.57319 0.67296 0.925809 0.54423 0.701897 0.855717 93 183
P 10 0 0.584882 0.958847 0.7051 0.637225 0.928805 0.655623 52 189
P 11 0 0.789765 0.755237 0.752273 0.810695 0.82384 0.780547 22 152
P 12 0 0.731648 0.702667 0.671266 0.746058 0.780176 0.684329 60 176
P 13 0 0.72055 0.821046 0.987631 0.658897 0.796384 0.950452 26 152
P 14 0 0.712352 0.715196 0.692299 0.650951 0.688192 0.648171 60 150
P 15 0 0.284324 0.311962 0.605279 0.304424 0.278457 0.66989 163 199
P 16 0 0.783661 0.81895 0.810805 0.756014 0.799157 0.88388 152 93
P 17 0 0.456368 0.468768 0.920591 0.390211 0.431079 0.882197 59 166
P 18 0 0.734723 0.741003 0.616812 0.677494 0.688972 0.625653 197 13
P 19 0 0.746951 0.779695 0.0428533 0.719438 0.827539 -0.0152399 41 26
P 20 0 0.603747 0.954411 0.701418 0.566493 0.934876 0.767098 52 25
P 21 0 0.720873 0.721993 0.125179 0.78594 0.689342 0.152683 105 121
P 22 0 0.549687 0.947087 0.787211 0.551998 0.96658 0.711517 25 52
P 23 0 0.711169 0.92915 0.680454 0.686909 1.00085 0.706346 52 94
P 24 0 0.588299 0.627051 0.597865 0.64127 0.568903 0.59037 3 45
P 25 0 0.731756 0.787758 0.691144 0.785489 0.740118 0.731744 176 22
P 26 0 0.73463 0.70073 0.668014 0.782691 0.730221 0.718306 60 22
P 27 0 0.813058 0.792221 0.986573 0.756295 0.843751 0.971467 29 38
P 28 0 0.70586 0.925579 0.836262 0.629824 0.93206 0.830677 179 54
P 29 0 0.533902 0.766405 0.892058 0.49499 0.833449 0.899397 118 80
P 30 0 0.640297 0.77312 0.56292 0.717041 0.782874 0.543142 97 68
P 31 0 0.654121 0.756021 0.0126976 0.732436 0.751693 0.0182947 105 26
P 32 0 0.499057 0.789335 0.00234077 0.547798 0.84864 0.0150736 104 98
P 33 0 0.686768 0.644921 0.652558 0.678125 0.686273 0.588155 83 175
P 34 0 0.483691 0.877542 0.990303 0.485115 0.798149 1.00368 43 104
P 35 0 0.678171 0.69116 0.587101 0.638411 0.667683 0.650708 175 150
P 36 0 0.709371 0.917213 0.733589 0.773376 0.960352 0.711034 140 94
P 37 0 0.793166 0.896006 0.438367 0.750412 0.963136 0.443548 131 137
P 38 0 0.92934 0.630269 0.264938 0.871886 0.587457 0.243547 161 196
P 39 0 0.610015 0.621242 0.656451 0.6829 0.649199 0.659627 150 83
P 40 0 0.484819 0.751799 0.877791 0.564596 0.762195 0.882359 120 118
P 41 0 0.678038 0.949988 0.76369 0.730144 0.980602 0.70869 101 94
P 42 0 0.745136 0.7775 0.855238 0.801159 0.805505 0.90072 96 195
P 43 0 0.61563 0.715646 0.991157 0.622384 0.706918 0.914526 104 93
P 44 0 0.268534 0.383919 0.502107 0.239392 0.443376 0.546681 12 124
P 45 0 0.950652 0.685651 0.345401 0.970804 0.624762 0.305652 196 161
P 46 0 0.673353 0.821561 0.829245 0.660403 0.749053 0.852085 142 118
P 47 0 0.755825 0.843535 0.972316 0.818725 0.799121 0.977014 38 29
P 48 0 0.725121 0.737049 0.99748 0.675165 0.678013 0.985446 195 104
P 49 0 0.306351 0.313182 0.662621 0.262856 0.270456 0.60915 199 163
P 50 0 0.732783 0.849925 0.0703086 0.746755 0.779223 0.0443269 182 41
P 51 0 0.761281 0.846045 0.962461 0.750955 0.789334 1.01275 38 41
P 52 0 0.634995 0.764317 0.57334 0.604082 0.734515 0.505065 97 84
P 53 0 0.735947 0.704213 0.607553 0.67781 0.652861 0.595366 197 175
P 54 0 0.572462 0.708628 0.806003 0.648298 0.708424 0.814622 183 114
P 55 0 0.715053 0.770883 0.893274 0.716929 0.832761 0.84961 93 78
P 56 0 0.689258 0.753415 0.68646 0.622246 0.720498 0.718336 167 183
P 57 0 0.537898 0.830931 0.966651 0.489192 0.887129 0.991618 98 43
P 58 0 0.431133 0.794337 0.940737 0.491808 0.833971 0.903504 8 80
P 59 0 0.637827 0.769018 0.567775 0.717089 0.783144 0.543154 97 68
P 60 0 0.639489 0.718724 0.910604 0.60385 0.68484 0.851265 93 114
P 61 0 0.629877 0.864769 0.880711 0.659366 0.85147 0.812418 179 164
P 62 0 0.729279 0.852349 0.546149 0.675456 0.831496 0.49382 68 97
P 63 0 0.716664 0.927858 0.679382 0.738099 0.862355 0.644287 52 33
P 64 0 0.752445 0.77679 0.681286 0.699319 0.723659 0.706505 176 60
P 65 0 0.695193 0.710106 0.035564 0.628897 0.70726 -0.0101153 195 104
P 66 0 0.664148 0.709776 0.645502 0.665541 0.754428 0.709684 150 167
P 67 0 0.653235 0.827196 0.813525 0.630796 0.865505 0.880173 164 179
P 68 0 0.644469 0.780047 0.55472 0.580847 0.805365 0.590633 97 51
P 69 0 0.715553 0.774424 0.542776 0.766046 0.801075 0.481131 68 35
P 70 0 0.49926 0.768844 0.96194 0.538911 0.832742 0.971603 8 98
P 71 0 0.783157 0.856105 0.92295 0.749787 0.794859 0.885308 38 93
P 72 0 0.730587 0.870378 0.748827 0.734793 0.806524 0.802425 33 96
P 73 0 0.730607 0.75165 0.645972 0.711423 0.682548 0.632672 167 13
P 74 0 0.976808 0.109986 0.202887 0.976808 0.109986 0.202887 190 -1
P 75 0 0.440871 0.940428 0.910717 0.403382 0.87587 0.952412 144 116
P 76 0 0.624587 0.791645 0.744798 0.651194 0.819115 0.813893 54 164
P 77 0 0.735998 0.70266 0.607163 0.769159 0.654907 0.661611 197 14
P 78 0 0.776108 0.91388 0.667781 0.733209 0.867578 0.712337 52 33
P 79 0 0.453383 0.710258 0.952939 0.486261 0.773708 0.957894 134 8
P 80 0 0.685697 0.913227 0.566153 0.637558 0.933014 0.501712 49 84
P 81 0 0.756284 0.918541 0.67165 0.747626 0.926251 0.74918 52 101
P 82 0 0.700198 0.714612 0.0291951 0.633844 0.704133 -0.0105899 195 104
P 83 0 0.618071 0.96596 0.679027 0.600525 0.91015 0.726372 189 25
P 84 0 0.60138 0.87823 0.668939 0.667649 0.869791 0.61845 24 189
P 85 0 0.648114 0.759083 0.00257551 0.676776 0.820176 0.0434065 105 77
P 86 0 0.723947 0.801229 -0.00360738 0.793865 0.768851 0.018951 26 29
P 87 0 0.677452 0.614875 0.603564 0.637112 0.665559 0.65097 175 150
P 88 0 0.765586 0.87729 0.818563 0.804443 0.807142 0.822751 7 22
P 89 0 0.614145 0.627996 0.655616 0.670929 0.662438 0.681502 150 83
P 90 0 0.734543 0.746397 0.61817 0.734079 0.786527 0.690037 197 176
P 91 0 0.562903 0.762427 0.882894 0.488794 0.756799 0.861686 118 120
P 92 0 0.563002 0.758805 0.810087 0.5428 0.701556 0.858235 167 183
P 93 0 0.746949 0.865496 0.849769 0.741343 0.788143 0.835872 7 96
P 94 0 0.950664 0.627437 0.285877 0.882595 0.600807 0.257394 161 196
P 95 0 0.649223 0.708914 0.81386 0.619271 0.754695 0.865083 114 118
P 96 0 0.678655 0.742522 0.576016 0.658498 0.80334 0.527149 175 97
P 97 0 0.771658 0.881132 0.808396 0.730986 0.817208 0.782984 7 96
P 98 0 0.736501 0.687544 0.603358 0.773444 0.697522 0.673907 197 22
P 99 0 0.523455 0.767838 0.895359 0.459567 0.808878 0.912393 118 116
P 100 0 0.700697 0.803944 0.903666 0.664514 0.802781 0.835572 152 142
P 101 0 0.726404 0.643284 0.559114 0.697499 0.633052 0.632949 173 83
P 102 0 0.750706 0.788733 0.0146241 0.765532 0.734351 0.0667473 41 29
P 103 0 0.804141 0.86584 0.763361 0.73005 0.870953 0.756311 140 33
P 104 0 0.612791 0.625781 0.65589 0.666172 0.6677 0.690196 150 83
P 105 0 0.694833 0.901593 0.905809 0.708182 0.927437 0.834904 100 179
P 106 0 0.665013 0.545186 0.627199 0.666103 0.499797 0.561687 3 184
P 107 0 0.580509 0.821867 0.00183152 0.576247 0.898653 0.0113805 171 62
P 108 0 0.96325 0.693519 0.256961 0.932049 0.662459 0.321345 117 196
P 109 0 0.737705 0.798353 0.817292 0.724669 0.876699 0.83119 96 33
P 110 0 0.651822 0.471568 0.591236 0.67251 0.537186 0.630066 184 3
P 111 0 0.835416 0.848886 0.773186 0.774042 0.882641 0.804405 140 7
P 112 0 0.689411 0.810207 0.71132 0.682508 0.734574 0.724829 176 60
P 113 0 0.300749 0.343716 0.602317 0.30528 0.293884 0.666661 163 199
P 114 0 0.808143 0.786236 0.994865 0.756913 0.844035 0.970351 29 38
P 115 0 0.367484 0.918674 0.977981 0.410067 0.897098 0.913462 116 119
P 116 0 0.734773 0.678127 0.637502 0.734321 0.75308 0.619852 13 197
P 117 0 0.657922 0.826901 0.726323 0.629672 0.888972 0.691492 176 25
P 118 0 0.631756 0.722765 0.70159 0.681399 0.737991 0.642013 183 150
P 119 0 0.672263 0.867205 0.978944 0.732697 0.887805 0.941938 77 100
P 120 0 0.710985 0.896858 0.597201 0.653516 0.945636 0.617749 6 49
P 121 0 0.902646 0.633814 0.238726 0.923508 0.651811 0.310299 161 196
P 122 0 0.715183 0.806565 0.887451 0.673053 0.741893 0.902906 152 93
P 123 0 0.666038 0.683782 -0.0136785 0.665441 0.75025 0.0317724 104 105
P 124 0 0.44696 0.711192 0.949574 0.442239 0.790181 0.944193 134 8
P 125 0 0.726407 0.830006 0.0254492 0.672268 0.867154 -0.0209872 38 77
P 126 0 0.672737 0.660439 0.678198 0.609408 0.620248 0.656574 83 150
P 127 0 0.722528 0.828222 0.0324565 0.672648 0.863191 -0.0155551 38 77
P 128 0 0.697954 0.765066 0.638664 0.708815 0.683042 0.632132 150 13
P 129 0 0.715016 0.928246 0.679704 0.738545 0.861878 0.638074 52 33
P 130 0 0.584158 0.759512 0.876178 0.65113 0.72676 0.907934 118 93
P 131 0 0.802688 0.862319 1.00872 0.832331 0.815689 0.954061 100 29
P 132 0 0.643378 0.698106 -0.0115046 0.668847 0.748514 0.0375114 104 105
P 133 0 0.670264 0.508024 0.553075 0.62882 0.567151 0.591899 184 45
P 134 0 0.492998 0.762089 0.844647 0.542193 0.701412 0.859304 120 183
P 135 0 0.765213 0.886942 0.751132 0.735253 0.865395 0.683893 140 33
P 136 0 0.682213 0.739322 0.641848 0.736709 0.699381 0.665749 150 60
P 137 0 0.702941 0.721307 0.702557 0.712693 0.797864 0.700226 60 176
P 138 0 0.678538 0.730092 0.578698 0.653706 0.692699 0.647614 175 150
P 139 0 0.758465 0.773598 0.678418 0.694668 0.726678 0.711574 176 60
P 140 0 0.690199 0.753375 0.685539 0.734049 0.761247 0.621907 167 197
P 141 0 0.530334 0.806068 0.0285663 0.570964 0.743881 -0.00455754 171 104
P 142 0 0.676604 0.821966 0.0409521 0.748841 0.784245 0.0286414 77 41
P 143 0 0.745692 0.975257 0.777465 0.783342 0.955684 0.711574 142 94
P 144 0 0.736426 0.955569 0.784098 0.768645 0.962568 0.710777 142 94
P 145 0 0.638812 0.700992 -0.0110665 0.70684 0.720591 0.0207428 104 195
P 146 0 0.725782 0.875511 0.815699 0.750975 0.813038 0.847391 33 152
P 147 0 0.72311 0.85041 0.889686 0.711357 0.87469 0.963913 7 26
P 148 0 0.721719 0.74738 0.754095 0.697266 0.753073 0.678619 114 167
P 149 0 0.68879 0.704341 0.0437121 0.647493 0.759399 0.00152997 195 105
P 150 0 0.680118 0.800222 0.926699 0.617943 0.804947 0.871716 152 78
P 151 0 0.453699 0.77565 0.732981 0.525258 0.802669 0.713926 147 120
P 152 0 0.254483 0.465039 0.335793 0.296572 0.514526 0.286942 115 89
P 153 0 0.66977 0.718971 0.644365 0.735935 0.704559 0.60764 150 197
P 154 0 0.689783 0.945981 0.761241 0.769542 0.941896 0.77695 101 17
P 155 0 0.676588 0.817006 0.71743 0.733376 0.8674 0.710021 176 33
P 156 0 0.703591 0.895207 0.537465 0.633085 0.906491 0.50216 49 84
P 157 0 0.698829 0.723977 0.707039 0.744309 0.781103 0.685163 60 176
P 158 0 0.800539 0.888416 0.445745 0.736229 0.862339 0.485138 131 49
P 159 0 0.879503 0.596952 0.253396 0.945076 0.628179 0.280389 196 161
P 160 0 0.308763 0.356626 0.653527 0.264785 0.312716 0.708807 199 21
P 161 0 0.656648 0.678233 0.7076 0.678396 0.753879 0.697096 83 167
P 162 0 0.739402 0.600349 0.581414 0.677765 0.64804 0.596407 197 175
P 163 0 0.9756 0.624125 0.310361 0.971341 0.687316 0.270619 161 117
P 164 0 0.705005 0.714541 0.540185 0.735453 0.719068 0.611292 68 197
P 165 0 0.521752 0.696538 0.895298 0.553609 0.763702 0.885831 183 118
P 166 0 0.704403 0.802259 0.704177 0.736446 0.864121 0.667293 176 33
P 167 0 0.594167 0.903997 0.0245201 0.611829 0.83173 -0.0148573 62 171
P 168 0 0.735612 0.865012 0.678901 0.728435 0.789519 0.692726 33 176
P 169 0 0.732336 0.752279 0.0180355 0.728565 0.830998 0.0215517 26 38
P 170 0 0.369189 0.451296 0.164754 0.369189 0.451296 0.164754 -1 66
P 171 0 0.70246 0.920959 0.731418 0.739156 0.961369 0.782144 140 142
P 172 0 0.703346 0.93099 0.681981 0.62671 0.949201 0.668471 52 189
P 173 0 0.738089 0.639824 0.591348 0.700233 0.687446 0.539012 197 68
P 174 0 0.534688 0.966409 0.00248505 0.580739 0.899993 0.0146741 43 62
P 175 0 0.784967 0.738271 0.729236 0.741391 0.78265 0.686553 22 176
P 176 0 0.809775 0.25413 0.582577 0.810144 0.3233 0.623977 103 108
P 177 0 0.701023 0.684517 0.63052 0.66196 0.672358 0.697893 13 83
P 178 0 0.637501 0.724135 0.691473 0.650044 0.755653 0.760215 183 60
P 179 0 0.668211 0.821447 0.721421 0.733113 0.867681 0.713681 176 33
P 180 0 0.725077 0.828493 0.545116 0.679328 0.837926 0.486209 68 97
P 181 0 0.717767 0.912661 0.736227 0.656902 0.941911 0.691045 140 52
P 182 0 0.713312 0.900497 1.02351 0.732453 0.887894 0.941705 182 100
P 183 0 0.731626 0.855799 0.875428 0.773959 0.851875 0.939564 7 38
P 184 0 0.927352 0.630533 0.262986 0.98476 0.677026 0.293274 161 117
P 185 0 0.666895 0.714269 0.644946 0.626847 0.750788 0.589355 150 97
P 186 0 0.671972 0.746921 0.0427782 0.727421 0.780953 0.00535744 105 26
P 187 0 0.719653 0.710455 0.68434 0.73576 0.709819 0.608964 60 197
P 188 0 0.767161 0.736333 0.0640006 0.728872 0.772488 0.00910011 29 26
P 189 0 0.73844 0.698257 0.663862 0.697583 0.76446 0.638739 60 150
P 190 0 0.769965 0.195662 0.472999 0.799782 0.116708 0.474992 186 92
P 191 0 0.51629 0.792279 0.860965 0.456809 0.812167 0.914358 98 116
P 192 0 0.0983777 0.140292 0.132372 0.0983777 0.140292 0.132372 99 -1
P 193 0 0.657481 0.754308 0.0183591 0.735421 0.734276 0.0259951 105 26
P 194 0 0.596319 0.680844 0.857473 0.578699 0.76026 0.877903 114 118
P 195 0 0.644906 0.760718 -0.00282991 0.715212 0.728128 0.0100895 105 195
P 196 0 0.52239 0.00725996 0.119389 0.52239 0.00725996 0.119389 141 -1
P 197 0 0.653558 0.828477 0.813467 0.702171 0.882788 0.808618 164 142
P 198 0 0.431944 0.713377 0.941708 0.430996 0.785716 0.977716 134 43
P 199 0 0.50305 0.786811 0.00195771 0.574013 0.819822 0.00529248 104 171
P 200 0 0.799417 0.898699 0.761915 0.809852 0.823688 0.78149 7 152
P 201 0 0.785786 0.968615 0.630597 0.749918 0.920038 0.672892 107 52
P 202 0 0.68727 0.851129 0.819284 0.696734 0.918276 0.8416 142 179
P 203 0 0.705066 0.921915 0.00368957 0.674434 0.844575 0.00996223 182 77
P 204 0 0.543743 0.765055 0.888948 0.540168 0.826042 0.841084 118 80
P 205 0 0.533829 0.81345 0.679196 0.536573 0.878293 0.724547 120 119
P 206 0 0.874682 0.637527 0.211269 0.899922 0.622408 0.2798 161 196
P 207 0 0.484983 0.303461 0.773439 0.555298 0.282077 0.810212 159 44
P 208 0 0.665373 0.754435 0.709847 0.697542 0.764393 0.638747 167 150
P 209 0 0.615934 0.597561 0.608432 0.632068 0.657309 0.651991 3 150
P 210 0 0.630663 0.655011 0.652275 0.701651 0.62846 0.625361 150 83
P 211 0 0.683532 0.663597 0.553505 0.653331 0.693547 0.620655 173 13
P 212 0 0.51803 0.768582 0.897074 0.534743 0.825287 0.951219 118 98
P 213 0 0.741323 0.676887 0.638857 0.70683 0.718782 0.698318 13 60
P 214 0 0.731871 0.869007 0.730959 0.795892 0.896468 0.767818 33 7
P 215 0 0.661754 0.754589 0.713391 0.736715 0.755337 0.741732 167 114
P 216 0 0.753476 0.776244 0.680795 0.705966 0.719343 0.69926 176 60
P 217 0 0.756369 0.788666 0.126997 0.772884 0.787522 0.207476 182 121
P 218 0 0.797504 0.927041 0.801423 0.750016 0.984442 0.774371 17 142
P 219 0 0.682689 0.935848 0.686012 0.702289 0.941715 0.758633 52 101
P 220 0 0.618871 0.847604 0.744929 0.649911 0.91751 0.77454 176 157
P 221 0 0.527221 0.828164 0.857794 0.489245 0.757367 0.859858 80 120
P 222 0 0.733465 0.867304 0.708775 0.732852 0.787177 0.690621 33 176
P 223 0 0.736922 0.674886 0.600173 0.677555 0.62582 0.601202 197 175
P 224 0 0.552414 0.945105 0.783947 0.520111 0.88074 0.74913 25 119
P 225 0 0.725343 0.749303 0.751107 0.649093 0.756271 0.761252 114 60
P 226 0 0.523146 0.804543 0.894499 0.497306 0.769575 0.961332 98 8
P 227 0 0.618089 0.634446 0.654818 0.691644 0.639528 0.643648 150 83
P 228 0 0.742731 0.968965 0.779585 0.737233 0.902109 0.742342 142 140
P 229 0 0.539485 0.700766 0.864073 0.48675 0.754228 0.869968 183 120
P 230 0 0.749582 0.786027 0.0230752 0.716551 0.844381 -0.0226865 41 26
P 231 0 0.682239 0.86485 0.728821 0.659487 0.867309 0.655811 157 25
P 232 0 0.808985 0.823205 0.84456 0.74483 0.77836 0.853675 22 96
P 233 0 0.642803 0.674866 0.649819 0.678248 0.699339 0.585335 150 175
P 234 0 0.526319 0.810219 0.910017 0.507209 0.76587 0.964414 98 8
P 235 0 0.669214 0.939016 0.688642 0.657919 0.904466 0.763215 52 157
P 236 0 0.680649 0.932782 0.724567 0.637652 0.937478 0.791877 140 157
P 237 0 0.731551 0.865249 0.546707 0.773897 0.834285 0.604737 68 198
P 238 0 0.756163 0.764996 0.957978 0.755197 0.798593 0.884067 195 93
P 239 0 0.685399 0.646434 0.655059 0.722401 0.708671 0.681345 83 60
P 240 0 0.475737 0.836606 0.924247 0.496635 0.769826 0.961123 80 8
P 241 0 0.692867 0.820877 0.587638 0.738771 0.861638 0.634937 189 33
P 242 0 0.751447 0.894404 0.746807 0.767556 0.963078 0.710718 140 94
P 243 0 0.689557 0.641836 0.647462 0.612191 0.6248 0.656011 83 150
P 244 0 0.731856 0.945859 0.787369 0.670007 0.893604 0.810497 142 164
P 245 0 0.714897 0.854035 -0.0269545 0.676375 0.824346 0.0376898 26 77
P 246 0 0.734348 0.866362 0.696492 0.751835 0.924815 0.748302 33 101
P 247 0 0.728001 0.679409 0.636101 0.719839 0.75211 0.656516 13 167
P 248 0 0.484669 0.75161 0.878401 0.567043 0.761859 0.881586 120 118
P 249 0 0.811589 0.814895 0.887448 0.748764 0.767322 0.87376 195 96
P 250 0 0.718348 0.72328 0.120924 0.752712 0.798165 0.118206 105 182
P 251 0 0.720245 0.927016 0.678683 0.738275 0.862167 0.641837 52 33
P 252 0 0.704335 0.775503 0.637373 0.735727 0.710829 0.609218 150 197
P 253 0 0.767604 0.848952 0.95104 0.809813 0.859724 1.01552 38 100
P 254 0 0.725779 0.832483 0.545289 0.747307 0.895152 0.590843 68 6
P 255 0 0.623554 0.968572 0.775051 0.678191 0.926004 0.80902 101 164
P 256 0 0.668007 0.66567 0.686842 0.606518 0.615522 0.657159 83 150
P 257 0 0.700852 1.01573 0.804929 0.732367 0.946945 0.787003 164 142
P 258 0 0.781531 0.722496 0.171185 0.819516 0.644854 0.157099 121 161
P 259 0 0.496438 0.291755 0.755137 0.555125 0.281732 0.802745 159 44
P 260 0 0.599654 0.604295 0.658547 0.573397 0.642954 0.592167 150 3
P 261 0 0.492891 0.761954 0.84508 0.538115 0.700439 0.866484 120 183
P 262 0 0.504264 0.684721 0.844136 0.492792 0.761829 0.845484 123 120
P 263 0 0.717526 0.936518 0.755456 0.677069 0.873271 0.736133 101 157
P 264 0 0.674158 0.829342 0.49637 0.721809 0.809943 0.544313 97 68
P 265 0 0.684663 0.745726 0.844419 0.649408 0.812045 0.814216 118 164
P 266 0 0.852091 0.839847 0.778425 0.797976 0.855535 0.831511 140 78
P 267 0 0.736487 0.68798 0.603468 0.722253 0.752007 0.654152 197 167
P 268 0 0.720183 0.921058 0.795725 0.753385 0.869569 0.838993 142 7
P 269 0 0.635272 0.752501 0.860026 0.673362 0.721722 0.79396 118 114
P 270 0 0.726372 0.87488 0.80749 0.754725 0.923829 0.747699 33 101
P 271 0 0.83136 0.814507 0.955698 0.780647 0.870345 0.987691 29 100
P 272 0 0.802754 0.806941 0.898691 0.792228 0.85392 0.832794 195 78
P 273 0 0.736964 0.673639 0.599859 0.686645 0.645056 0.652783 197 83
P 274 0 0.641208 0.92108 0.650757 0.676446 0.922544 0.580986 189 49
P 275 0 0.823563 0.805013 0.968852 0.764176 0.847376 0.957233 29 38
P 276 0 0.678624 0.73921 0.576731 0.656632 0.800242 0.530815 175 97
P 277 0 0.951984 0.627262 0.287172 0.882321 0.600466 0.257041 161 196
P 278 0 0.474202 0.778221 0.954141 0.428895 0.713821 0.94011 8 134
P 279 0 0.644082 0.569299 0.590025 0.668899 0.505325 0.555901 45 184
P 280 0 0.631143 0.722619 0.702669 0.624468 0.788453 0.742846 183 54
P 281 0 0.586325 0.920467 0.743365 0.619913 0.962387 0.676776 25 189
P 282 0 0.766908 0.848632 0.952298 0.707498 0.897207 0.953957 38 26
P 283 0 0.774998 0.703017 0.681368 0.698841 0.723969 0.707025 22 60
P 284 0 0.730022 0.831668 1.01892 0.672268 0.86715 0.979019 38 77
P 285 0 0.413494 0.848601 0.827648 0.479695 0.886748 0.809485 57 119
P 286 0 0.289112 0.321218 0.604415 0.304764 0.284577 0.668609 163 199
P 287 0 0.624714 0.795069 0.746892 0.629105 0.722133 0.706258 54 183
P 288 0 0.54381 0.701797 0.856456 0.485384 0.752511 0.8755 183 120
P 289 0 0.761759 0.639205 0.650732 0.683385 0.648663 0.658741 14 83
P 290 0 0.526509 0.810559 0.910948 0.461072 0.83901 0.943176 98 80
P 291 0 0.711905 0.871489 0.965328 0.787151 0.867976 0.993896 26 100
P 292 0 0.720957 0.746976 0.754723 0.733762 0.786695 0.690188 114 176
P 293 0 0.683344 0.844594 0.478316 0.72233 0.812897 0.544441 97 68
P 294 0 0.65954 0.805069 0.525101 0.718913 0.793873 0.477645 97 35
P 295 0 0.655553 0.679445 0.709601 0.620248 0.637978 0.654381 83 150
P 296 0 0.727374 0.705442 0.675924 0.736725 0.68081 0.601663 60 197
P 297 0 0.888173 0.607762 0.264608 0.811105 0.592168 0.266944 196 102
P 298 0 0.672426 0.865506 0.981273 0.670813 0.798539 0.937115 77 152
P 299 0 0.696332 0.711131 0.0341148 0.649235 0.758512 0.00446487 195 105
P 300 0 0.578324 0.760312 0.878021 0.5307 0.698671 0.879543 118 183
P 301 0 0.129771 0.265831 0.595397 0.180712 0.279184 0.532091 193 12
P 302 0 0.670983 0.690204 0.624306 0.697496 0.764317 0.638757 13 150
P 303 0 0.628749 0.90324 0.81305 0.707416 0.893933 0.804863 54 142
P 304 0 0.739321 0.929084 0.750911 0.777854 0.885054 0.798021 101 7
P 305 0 0.734748 0.738204 0.0242584 0.724196 0.658294 0.0270925 26 132
P 306 0 0.635848 0.839293 0.972345 0.712937 0.865469 0.96799 171 26
P 307 0 0.739976 0.900623 0.743204 0.765906 0.877493 0.818027 140 7
P 308 0 0.726291 0.78755 0.00244062 0.652488 0.756853 0.00994653 26 105
P 309 0 0.660463 0.687306 0.986856 0.645927 0.760198 0.99889 104 105
P 310 0 0.72707 0.933263 0.753466 0.67586 0.916778 0.809441 101 164
P 311 0 0.661409 0.672967 0.698899 0.675403 0.739187 0.732573 83 60
P 312 0 0.657095 0.796058 0.952469 0.674912 0.839595 1.01679 152 77
P 313 0 0.564518 0.75874 0.808602 0.612317 0.755649 0.86728 167 118
P 314 0 0.565692 0.707014 0.817924 0.54016 0.780365 0.807648 183 187
P 315 0 0.46983 0.796641 0.905083 0.51059 0.764605 0.965466 116 8
P 316 0 0.51217 0.786205 0.766959 0.50629 0.706373 0.761723 120 123
P 317 0 0.475995 0.864131 0.988465 0.483293 0.835367 0.914494 43 80
P 318 0 0.687696 0.963636 0.807304 0.733107 0.931203 0.752207 164 101
P 319 0 0.780585 0.878609 0.755961 0.717679 0.915739 0.797517 140 142
P 320 0 0.673302 0.951603 0.764678 0.723777 0.939918 0.825781 101 179
P 321 0 0.623726 0.954989 0.672117 0.678218 0.9341 0.723803 189 140
P 322 0 0.79382 0.861009 0.903691 0.840166 0.888194 0.966444 38 0
P 323 0 0.414823 0.846593 1.00287 0.435028 0.838137 0.929871 80 116
P 324 0 0.736249 0.695119 0.605265 0.724477 0.707323 0.679082 197 60
P 325 0 0.161604 0.290529 0.612349 0.177656 0.27554 0.533134 193 12
P 326 0 0.601489 0.78718 0.813141 0.626862 0.852648 0.782108 60 54
P 327 0 0.491444 0.891053 0.992156 0.538751 0.832456 0.970821 43 98
P 328 0 0.670007 0.910634 0.882121 0.63125 0.970293 0.854061 100 54
P 329 0 0.711901 0.752449 0.664289 0.726221 0.679746 0.635733 167 13
P 330 0 0.842157 0.579306 0.195794 0.771078 0.577135 0.22849 102 177
P 331 0 0.606867 0.616092 0.657088 0.671395 0.661923 0.68065 150 83
P 332 0 0.660199 0.806164 0.523806 0.727118 0.840081 0.545618 97 68
P 333 0 0.68733 0.962189 0.80737 0.676226 0.901863 0.853598 164 179
P 334 0 0.679115 0.653385 0.666544 0.674287 0.726359 0.643451 83 150
P 335 0 0.705803 0.897101 0.598109 0.727756 0.843704 0.545774 6 68
P 336 0 0.699814 0.685065 0.538909 0.736358 0.691864 0.604445 68 197
P 337 0 0.669671 0.540216 0.62898 0.653659 0.475198 0.587436 3 184
P 338 0 0.678237 0.698204 0.58558 0.711861 0.753462 0.541869 175 68
P 339 0 0.536843 0.776298 0.809341 0.562018 0.706138 0.824394 187 183
P 340 0 0.53231 0.768315 0.999151 0.532244 0.820818 0.938999 104 98
P 341 0 0.66311 0.685633 0.986602 0.65223 0.756985 1.00951 104 105
P 342 0 0.778055 0.817936 0.81708 0.839561 0.846639 0.774488 152 140
P 343 0 0.676559 0.822427 0.04032 0.728113 0.776919 0.00714106 77 26
P 344 0 0.928982 0.061654 0.330823 0.928982 0.061654 0.330823 -1 46
P 345 0 0.915576 0.632097 0.251422 0.863248 0.576689 0.232377 161 196
P 346 0 0.735205 0.700357 0.667388 0.664732 0.669292 0.692827 60 83
P 347 0 0.647852 0.885869 0.537365 0.666192 0.93287 0.597425 51 49
P 348 0 0.828085 0.19261 0.492896 0.864231 0.202502 0.422256 92 186
P 349 0 0.511143 0.74479 0.822451 0.518306 0.768544 0.896987 187 118
P 350 0 0.627227 0.862426 0.788089 0.698717 0.875451 0.81109 54 142
P 351 0 0.660893 0.748609 0.74839 0.736267 0.7551 0.742101 60 114
P 352 0 0.853138 0.640389 0.190114 0.879173 0.596541 0.252969 161 196
P 353 0 0.690447 0.851478 0.717213 0.745761 0.897486 0.745021 157 140
P 354 0 0.783747 0.705838 0.161888 0.839685 0.642175 0.176904 121 161
P 355 0 0.688695 0.686851 0.62797 0.722148 0.752011 0.654255 13 167
P 356 0 0.729453 0.740949 -0.00803258 0.689397 0.68265 0.0258719 195 132
P 357 0 0.697673 0.712338 0.0324084 0.73756 0.648941 0.0275612 195 132
P 358 0 0.623751 0.893274 0.698577 0.653623 0.911464 0.769291 25 157
P 359 0 0.696121 0.996995 0.805783 0.772412 0.978841 0.79733 164 179
P 360 0 0.741528 0.596273 0.620986 0.736817 0.678069 0.600974 14 197
P 361 0 0.728074 0.925175 0.677155 0.763599 0.920802 0.745849 52 101
P 362 0 0.682048 0.840034 0.823022 0.73634 0.858782 0.867534 142 7
P 363 0 0.777797 0.958281 0.711273 0.774592 1.03733 0.689838 94 107
P 364 0 0.487349 0.754982 0.867538 0.5423 0.701437 0.859115 120 183
P 365 0 0.533108 0.699246 0.875302 0.492128 0.760993 0.848175 183 120
P 366 0 0.307165 0.419441 0.551655 0.257508 0.37077 0.505871 124 12
P 367 0 0.776612 0.747842 0.0480557 0.725841 0.790175 0.00128018 29 26
P 368 0 0.830043 0.736659 0.27794 0.813022 0.756468 0.348746 2 130
P 369 0 0.698758 0.870186 0.448023 0.712172 0.886566 0.523707 97 49
P 370 0 0.712916 0.931226 0.832134 0.7459 0.975697 0.777317 179 142
P 371 0 0.672595 0.819949 0.829788 0.65179 0.882307 0.867892 142 179
P 372 0 0.705675 0.718343 0.540349 0.677931 0.665644 0.592607 68 175
P 373 0 0.697358 0.743984 0.840408 0.735189 0.810183 0.865059 118 152
P 374 0 0.677147 0.908034 0.888933 0.630917 0.961365 0.8486 100 54
P 375 0 0.612199 0.756705 0.761914 0.588603 0.795547 0.827187 167 60
P 376 0 0.71515 0.852558 0.973698 0.781382 0.855289 0.926156 26 38
P 377 0 0.553905 0.754664 -0.00292106 0.623689 0.728639 0.0235672 104 132
P 378 0 0.483015 0.757528 0.3375 0.463067 0.741255 0.41152 88 73
P 379 0 0.692862 0.863011 0.815281 0.666178 0.912028 0.878467 142 100
P 380 0 0.586667 0.920218 0.742956 0.617207 0.848486 0.745722 25 176
P 381 0 0.672881 0.66028 0.677936 0.738587 0.698161 0.663701 83 60
P 382 0 0.598999 0.757476 0.871488 0.570265 0.688892 0.848989 118 185
P 383 0 0.733913 0.580115 0.60979 0.729335 0.641895 0.559497 14 173
P 384 0 0.659624 0.816659 0.862408 0.666729 0.894262 0.859153 78 179
P 385 0 0.568655 0.666166 0.880279 0.6224 0.706929 0.914523 114 93
P 386 0 0.815112 0.917686 0.816834 0.783972 0.876773 0.757025 17 140
P 387 0 0.71285 0.901698 0.0223982 0.743031 0.837651 -0.0045763 182 38
P 388 0 0.617027 0.848582 0.745808 0.654224 0.910483 0.76844 176 157
P 389 0 0.609938 0.621115 0.656467 0.684062 0.647914 0.657503 150 83
P 390 0 0.704626 0.913965 0.946548 0.708856 0.84139 0.913555 26 7
P 391 0 0.691526 0.754554 0.639964 0.637396 0.72411 0.691656 150 183
P 392 0 0.503676 0.678444 0.868029 0.560595 0.705799 0.826898 123 183
P 393 0 0.99937 0.882104 0.381062 0.99937 0.882104 0.381062 -1 10
P 394 0 0.749751 0.840742 0.983286 0.802597 0.779483 1.00422 38 29
P 395 0 0.742655 0.921746 0.674309 0.790842 0.934319 0.737024 52 198
P 396 0 0.534204 0.663964 0.867064 0.461167 0.68352 0.847946 185 187
P 397 0 0.680864 0.837519 0.823869 0.71805 0.847208 0.89816 142 7
P 398 0 0.719403 0.827738 -0.0153279 0.747346 0.780645 0.0398864 26 41
P 399 0 0.743571 0.781893 0.847245 0.690994 0.754276 0.898792 96 93
