400 
 4.300000
P 0 0 0.682324 0.658838 0.905475 0.719701 0.628635 0.84248 91 190
P 1 0 0.640878 0.685236 0.583561 0.616388 0.765151 0.590128 78 171
P 2 0 0.777116 0.628106 0.280076 0.831956 0.613532 0.324896 150 83
P 3 0 0.800006 0.693489 0.550503 0.770128 0.644511 0.607706 152 195
P 4 0 0.649971 0.749267 0.678374 0.618267 0.769649 0.609232 182 171
P 5 0 0.441381 0.508853 0.451915 0.466534 0.569105 0.399282 154 146
P 6 0 0.662827 0.489879 0.920401 0.659233 0.460336 0.849982 161 105
P 7 0 0.534302 0.578866 0.409 0.477782 0.576649 0.464466 59 98
P 8 0 0.717256 0.740943 0.669057 0.669156 0.701765 0.708976 29 38
P 9 0 0.341638 0.607799 0.692318 0.386964 0.624413 0.750589 126 47
P 10 0 0.750969 0.889299 0.416871 0.768682 0.947551 0.465313 52 94
P 11 0 0.834252 0.787254 0.52565 0.858418 0.711817 0.527362 140 152
P 12 0 0.859271 0.643856 0.39492 0.864659 0.715861 0.427709 60 176
P 13 0 0.656161 0.704503 0.831383 0.715853 0.658849 0.802169 190 41
P 14 0 0.840881 0.636567 0.288173 0.891216 0.636726 0.223642 175 97
P 15 0 0.432322 0.583334 0.462007 0.449117 0.588658 0.386866 98 146
P 16 0 0.821942 0.700372 0.541813 0.779711 0.639201 0.570848 152 93
P 17 0 0.800088 0.646611 0.264658 0.820432 0.619882 0.334376 97 83
P 18 0 0.890508 0.702033 0.35842 0.825305 0.708343 0.317358 197 13
P 19 0 0.653606 0.629696 0.869746 0.589204 0.600756 0.845731 117 196
P 20 0 0.747628 0.890609 0.415423 0.704699 0.928238 0.369031 52 25
P 21 0 0.812217 0.785227 0.195206 0.82372 0.800282 0.113729 95 170
P 22 0 0.689601 0.959996 0.453218 0.700913 0.908926 0.39517 157 52
P 23 0 0.844603 0.852586 0.457464 0.811154 0.910114 0.488522 52 94
P 24 0 0.762864 0.611574 0.260666 0.715588 0.555387 0.232418 150 184
P 25 0 0.831823 0.825771 0.53252 0.864025 0.79078 0.465444 101 33
P 26 0 0.863517 0.641982 0.393623 0.886893 0.657349 0.464507 60 22
P 27 0 0.728554 0.746902 0.687866 0.692695 0.675337 0.663059 29 38
P 28 0 0.738766 0.809651 0.573868 0.675302 0.812784 0.530089 179 54
P 29 0 0.570937 0.669436 0.443725 0.5144 0.613147 0.430733 118 80
P 30 0 0.83954 0.609354 0.318657 0.876284 0.634571 0.257092 83 173
P 31 0 0.569604 0.746573 0.729973 0.512403 0.686656 0.727765 133 70
P 32 0 0.539823 0.731505 0.743623 0.468204 0.715834 0.727024 133 70
P 33 0 0.886005 0.637291 0.225987 0.836083 0.588427 0.26627 97 173
P 34 0 0.667256 0.577218 0.997044 0.601606 0.584849 0.958926 199 117
P 35 0 0.850281 0.603436 0.309821 0.815165 0.67224 0.331891 83 150
P 36 0 0.805966 0.82818 0.500442 0.87751 0.851624 0.524784 140 94
P 37 0 0.206767 0.158436 0.188506 0.212414 0.203014 0.252529 14 19
P 38 0 0.640567 0.620278 0.97103 0.684098 0.649406 0.914375 15 91
P 39 0 0.687391 0.529217 0.256139 0.741628 0.577901 0.28242 3 184
P 40 0 0.475527 0.523916 0.497846 0.531154 0.5688 0.467354 59 98
P 41 0 0.770597 0.864084 0.508204 0.844334 0.880868 0.506654 101 94
P 42 0 0.774265 0.665318 0.529426 0.776225 0.644316 0.606163 96 195
P 43 0 0.578336 0.676059 0.714094 0.591936 0.757871 0.719738 64 133
P 44 0 0.378382 0.418384 0.480006 0.353813 0.489127 0.51002 131 111
P 45 0 0.575567 0.562392 1.00358 0.642725 0.605683 0.990955 117 15
P 46 0 0.714585 0.711061 0.515862 0.6766 0.724511 0.450735 142 60
P 47 0 0.69229 0.67579 0.663847 0.722054 0.743474 0.677045 38 29
P 48 0 0.590325 0.594426 0.847941 0.604739 0.668553 0.851912 196 161
P 49 0 0.881634 0.303199 0.0200183 0.961459 0.269427 0.0241329 135 185
P 50 0 0.517663 0.663067 0.76975 0.587904 0.697396 0.760113 177 64
P 51 0 0.920346 0.743304 0.978354 0.85358 0.767343 1.01738 194 66
P 52 0 0.825673 0.643836 0.253142 0.823265 0.576638 0.294822 97 175
P 53 0 0.898049 0.667746 0.343991 0.843416 0.645191 0.287217 197 175
P 54 0 0.651976 0.678873 0.400519 0.710193 0.631129 0.429958 183 114
P 55 0 0.774548 0.657411 0.531327 0.723239 0.698 0.579594 96 78
P 56 0 0.709094 0.710164 0.440806 0.744312 0.710155 0.372227 60 183
P 57 0 0.222249 0.866613 0.903872 0.158754 0.906009 0.883513 10 8
P 58 0 0.321536 0.735356 0.868323 0.383609 0.699058 0.837251 137 134
P 59 0 0.837398 0.642564 0.247865 0.800395 0.655108 0.311777 97 150
P 60 0 0.650882 0.551193 0.473831 0.652357 0.612685 0.416194 98 114
P 61 0 0.661607 0.763372 0.515973 0.724159 0.769678 0.474294 179 164
P 62 0 0.918436 0.458245 0.311023 0.852907 0.492872 0.275481 68 165
P 63 0 0.849563 0.850641 0.459614 0.900867 0.80221 0.431807 52 33
P 64 0 0.870985 0.711225 0.427798 0.813258 0.664172 0.408979 176 60
P 65 0 0.681549 0.674189 0.835817 0.607609 0.659726 0.855296 190 161
P 66 0 0.822267 0.680477 0.341562 0.787958 0.704056 0.407646 150 167
P 67 0 0.704193 0.696043 0.512205 0.662541 0.763932 0.516674 142 179
P 68 0 0.736066 0.609094 0.845338 0.663182 0.629073 0.820368 190 102
P 69 0 0.79455 0.648328 0.303817 0.819602 0.564177 0.296205 150 175
P 70 0 0.592308 0.593506 0.822124 0.663112 0.623987 0.828417 177 102
P 71 0 0.715763 0.649436 0.618059 0.773072 0.638415 0.567029 38 93
P 72 0 0.825199 0.778735 0.500893 0.772133 0.724733 0.515148 33 96
P 73 0 0.822466 0.644184 0.254586 0.757516 0.605372 0.253384 97 150
P 74 0 0.369646 0.421874 0.489885 0.367103 0.486756 0.451439 131 111
P 75 0 0.828107 0.59311 0.292995 0.797745 0.632382 0.353039 175 83
P 76 0 0.752002 0.771279 0.390398 0.717703 0.743103 0.455112 54 164
P 77 0 0.898367 0.666298 0.343382 0.854537 0.717907 0.385506 197 150
P 78 0 0.217379 0.22082 0.15869 0.207205 0.207185 0.241119 14 19
P 79 0 0.196105 0.216072 0.216806 0.16837 0.25574 0.281435 19 163
P 80 0 0.383487 0.143578 0.271417 0.462636 0.114378 0.29033 28 67
P 81 0 0.885329 0.836617 0.47512 0.830806 0.826407 0.532116 52 101
P 82 0 0.656337 0.632051 0.865063 0.583245 0.634415 0.83398 117 196
P 83 0 0.65665 0.511641 0.83137 0.610661 0.479572 0.888037 105 196
P 84 0 0.470004 0.372999 0.629232 0.499179 0.420696 0.570722 106 193
P 85 0 0.649336 0.656929 0.778666 0.701019 0.650941 0.839217 105 190
P 86 0 0.832222 0.752445 0.0750463 0.800989 0.774723 -0.00491512 170 12
P 87 0 0.800663 0.646549 0.2644 0.814728 0.623025 0.339069 97 83
P 88 0 0.799646 0.752287 0.577103 0.819266 0.676558 0.575665 7 22
P 89 0 0.775235 0.625924 0.277513 0.804948 0.628413 0.347114 150 83
P 90 0 0.889402 0.70706 0.360536 0.852795 0.724556 0.427541 197 176
P 91 0 0.383095 0.659164 0.642513 0.342207 0.644746 0.577641 110 122
P 92 0 0.645304 0.719655 0.412191 0.596963 0.660235 0.417375 167 183
P 93 0 0.768055 0.733874 0.588203 0.773483 0.687106 0.52419 7 96
P 94 0 0.628275 0.60785 0.913188 0.590179 0.595248 0.847654 117 196
P 95 0 0.711395 0.631512 0.430244 0.657739 0.665828 0.468323 114 118
P 96 0 0.803473 0.646244 0.263135 0.816445 0.622079 0.337656 97 83
P 97 0 0.809938 0.758285 0.573487 0.771348 0.746605 0.509891 7 96
P 98 0 0.881837 0.637743 0.227863 0.836756 0.622534 0.28973 97 175
P 99 0 0.263972 0.343535 0.993128 0.257256 0.265564 0.997196 71 192
P 100 0 0.71 0.665249 0.58616 0.702478 0.693565 0.511602 152 142
P 101 0 0.805991 0.627839 0.346256 0.827565 0.70541 0.318562 83 13
P 102 0 0.65469 0.550588 0.817242 0.633775 0.579241 0.886147 105 161
P 103 0 0.754266 0.796499 0.46813 0.819782 0.777054 0.505838 157 33
P 104 0 0.830116 0.599945 0.292237 0.796975 0.632806 0.353673 175 83
P 105 0 0.687421 0.762023 0.608934 0.741124 0.811065 0.575637 100 179
P 106 0 0.691852 0.634958 0.296407 0.754568 0.58909 0.307269 3 184
P 107 0 0.56566 0.744577 0.731781 0.510473 0.68793 0.727733 133 70
P 108 0 0.659105 0.634438 0.860316 0.734295 0.61121 0.845029 117 190
P 109 0 0.817913 0.699108 0.543409 0.765583 0.76024 0.555322 152 33
P 110 0 0.361295 0.305655 0.392843 0.436537 0.276344 0.415027 153 145
P 111 0 0.881405 0.719031 0.567669 0.813979 0.760641 0.572067 140 7
P 112 0 0.827893 0.687003 0.349224 0.789332 0.674736 0.41629 150 60
P 113 0 0.451886 0.687015 0.783926 0.433105 0.739006 0.726436 133 70
P 114 0 0.734192 0.749876 0.697252 0.671783 0.698816 0.703852 29 38
P 115 0 0.814166 0.645084 0.258322 0.76032 0.673099 0.207226 97 180
P 116 0 0.771418 0.621496 0.272315 0.820035 0.565649 0.296042 150 175
P 117 0 0.777363 0.779834 0.426474 0.784733 0.863496 0.403933 176 25
P 118 0 0.76195 0.716131 0.366823 0.838494 0.699299 0.36366 183 150
P 119 0 0.712259 0.65337 0.624894 0.655463 0.678491 0.667365 38 26
P 120 0 0.794153 0.849343 0.517559 0.820649 0.861978 0.447079 101 52
P 121 0 0.625936 0.562168 0.845719 0.634475 0.613197 0.902556 177 117
P 122 0 0.729546 0.671382 0.578417 0.691253 0.628721 0.519965 152 93
P 123 0 0.62473 0.604792 0.919269 0.66202 0.544316 0.954496 117 102
P 124 0 0.293886 0.541384 0.178483 0.270796 0.583139 0.237132 130 141
P 125 0 0.664892 0.706553 0.717295 0.718169 0.741424 0.670578 38 29
P 126 0 0.807978 0.626744 0.344621 0.821013 0.568976 0.295672 83 175
P 127 0 0.658908 0.701223 0.831863 0.642241 0.731985 0.76148 190 38
P 128 0 0.800671 0.646548 0.264396 0.882362 0.641548 0.255705 97 173
P 129 0 0.848075 0.851225 0.458969 0.834332 0.824201 0.533517 52 101
P 130 0 0.622036 0.667312 0.458205 0.667877 0.625952 0.506519 118 93
P 131 0 0.690611 0.789602 0.756563 0.634515 0.74066 0.776552 182 38
P 132 0 0.602464 0.525866 0.871875 0.596969 0.589162 0.825395 196 177
P 133 0 0.753171 0.600332 0.247468 0.691135 0.617966 0.289936 150 3
P 134 0 0.559219 0.669923 0.440405 0.525245 0.621072 0.489518 118 120
P 135 0 0.839387 0.779824 0.530226 0.872199 0.793316 0.457981 140 33
P 136 0 0.83926 0.700187 0.364703 0.866475 0.640676 0.392719 150 60
P 137 0 0.818414 0.661896 0.407404 0.831613 0.740079 0.427241 60 176
P 138 0 0.813623 0.645143 0.258566 0.824923 0.582276 0.294197 97 175
P 139 0 0.876948 0.706855 0.427883 0.80664 0.667095 0.411001 176 60
P 140 0 0.822263 0.700305 0.406553 0.886358 0.7209 0.36636 167 197
P 141 0 0.547777 0.73553 0.739977 0.576152 0.671189 0.703589 133 64
P 142 0 0.606093 0.699472 0.671116 0.659098 0.758325 0.695933 77 182
P 143 0 0.813671 0.854248 0.550731 0.885158 0.844883 0.528963 142 94
P 144 0 0.800978 0.835906 0.546264 0.87388 0.854824 0.5228 142 94
P 145 0 0.589432 0.56023 0.470507 0.526804 0.545745 0.508331 98 86
P 146 0 0.776796 0.763718 0.545085 0.777839 0.686534 0.559285 33 152
P 147 0 0.727645 0.710322 0.602402 0.654127 0.712143 0.625431 7 26
P 148 0 0.755307 0.689759 0.426686 0.832095 0.69923 0.406239 60 167
P 149 0 0.579993 0.652777 0.82757 0.601508 0.727736 0.825552 196 64
P 150 0 0.700668 0.662321 0.589858 0.619428 0.681912 0.584594 152 78
P 151 0 0.580211 0.922913 0.478006 0.657489 0.934862 0.463282 1 101
P 152 0 0.76311 0.83862 1.00724 0.711627 0.856017 0.946365 12 27
P 153 0 0.827556 0.686611 0.348764 0.764352 0.716944 0.366087 150 183
P 154 0 0.849662 0.876171 0.509565 0.786235 0.916832 0.502868 94 17
P 155 0 0.795851 0.766286 0.426735 0.853287 0.787449 0.475247 176 33
P 156 0 0.35304 0.386096 0.400431 0.390621 0.413495 0.466166 35 131
P 157 0 0.812561 0.66448 0.409192 0.862927 0.717131 0.427684 60 176
P 158 0 0.89507 0.609886 0.291893 0.833694 0.642966 0.249532 6 97
P 159 0 0.508614 0.715715 0.757926 0.55203 0.660495 0.728429 133 70
P 160 0 0.430968 0.525259 0.395428 0.399367 0.540858 0.466024 154 72
P 161 0 0.887488 0.699131 0.428032 0.805843 0.702101 0.407076 176 167
P 162 0 0.302407 0.308398 0.27381 0.297744 0.284023 0.196789 163 44
P 163 0 0.493597 0.708118 0.764809 0.543892 0.665868 0.728293 133 70
P 164 0 0.811981 0.668546 0.327554 0.833411 0.611154 0.290993 150 175
P 165 0 0.557925 0.647009 0.429336 0.614108 0.619581 0.475591 183 93
P 166 0 0.836071 0.736811 0.427304 0.884215 0.797044 0.447011 176 33
P 167 0 0.677852 0.692001 0.692012 0.631088 0.730525 0.642043 38 182
P 168 0 0.875812 0.794437 0.454682 0.847204 0.728653 0.427462 33 176
P 169 0 0.657492 0.627377 0.731059 0.668881 0.702075 0.709514 26 38
P 170 0 0.413575 0.244044 0.00602432 0.413575 0.244044 0.00602432 45 -1
P 171 0 0.385251 0.62781 0.703558 0.372959 0.632037 0.625708 148 110
P 172 0 0.837541 0.855355 0.454402 0.91286 0.867028 0.425319 52 189
P 173 0 0.925774 0.243012 0.0933687 0.932351 0.190759 0.156401 185 113
P 174 0 0.357507 0.590684 0.60009 0.407165 0.634324 0.555647 110 122
P 175 0 0.879816 0.65936 0.476139 0.860037 0.719249 0.427643 22 176
P 176 0 0.286815 0.302272 0.274697 0.365246 0.295298 0.291726 163 153
P 177 0 0.779978 0.631425 0.283972 0.789916 0.636696 0.35948 150 83
P 178 0 0.772605 0.719741 0.363558 0.743127 0.695137 0.430408 183 60
P 179 0 0.787554 0.772366 0.426618 0.850638 0.786627 0.477666 176 33
P 180 0 0.837745 0.642526 0.247709 0.824069 0.579373 0.294519 97 175
P 181 0 0.199698 0.213196 0.224675 0.165409 0.254577 0.281603 19 163
P 182 0 0.634904 0.734312 0.649384 0.699456 0.781885 0.657433 182 100
P 183 0 0.742079 0.718735 0.59733 0.707863 0.658305 0.633468 7 38
P 184 0 0.652825 0.587619 0.803809 0.65176 0.628103 0.872913 105 117
P 185 0 0.76055 0.60889 0.257515 0.827874 0.592318 0.293083 150 175
P 186 0 0.698563 0.668747 0.65161 0.72048 0.742643 0.674425 38 29
P 187 0 0.8422 0.651394 0.400136 0.8969 0.67297 0.34619 60 197
P 188 0 0.656817 0.632465 0.86424 0.581679 0.643257 0.830893 117 196
P 189 0 0.868939 0.639588 0.391966 0.853717 0.716956 0.38439 60 150
P 190 0 0.728144 0.890649 0.491343 0.757309 0.957576 0.459098 101 94
P 191 0 0.215314 0.274183 0.278764 0.224569 0.193282 0.279152 163 19
P 192 0 0.646597 0.579489 1.02671 0.599718 0.583221 0.962164 15 117
P 193 0 0.653874 0.566795 0.811363 0.657987 0.61491 0.746594 105 26
P 194 0 0.642558 0.60956 0.413863 0.616485 0.667543 0.456632 114 118
P 195 0 0.589341 0.599983 0.846 0.653621 0.629708 0.869722 196 117
P 196 0 0.806439 0.308184 0.108927 0.785685 0.231754 0.101008 135 42
P 197 0 0.719571 0.750793 0.460663 0.754057 0.768101 0.529753 164 142
P 198 0 0.70193 0.505523 0.826109 0.732206 0.484968 0.896584 41 50
P 199 0 0.587399 0.69627 0.757684 0.520738 0.72185 0.752369 64 133
P 200 0 0.856992 0.785711 0.556953 0.857281 0.71146 0.527813 7 152
P 201 0 0.373331 0.385717 0.421158 0.289654 0.395711 0.427936 35 156
P 202 0 0.733647 0.738607 0.52257 0.729499 0.804092 0.566915 142 179
P 203 0 0.622187 0.721691 0.624919 0.652173 0.761359 0.564104 182 26
P 204 0 0.509999 0.556145 0.445737 0.576286 0.594498 0.469179 59 120
P 205 0 0.383448 0.587223 0.813078 0.466765 0.597696 0.832228 126 47
P 206 0 0.403576 0.713976 0.676469 0.457849 0.650437 0.696981 110 77
P 207 0 0.81486 0.850134 0.15404 0.800452 0.895236 0.0890196 170 138
P 208 0 0.912532 0.680779 0.428386 0.850318 0.647809 0.397655 176 60
P 209 0 0.853554 0.671676 0.332413 0.792093 0.645477 0.300471 13 150
P 210 0 0.790771 0.643945 0.298671 0.856438 0.600043 0.304756 150 83
P 211 0 0.87433 0.632328 0.257538 0.861818 0.707794 0.280271 173 175
P 212 0 0.577813 0.606754 0.522423 0.538937 0.567656 0.467775 86 98
P 213 0 0.863778 0.658405 0.337863 0.823949 0.659452 0.405712 13 60
P 214 0 0.838132 0.782747 0.489085 0.815716 0.751728 0.427016 33 176
P 215 0 0.78269 0.704633 0.407813 0.825239 0.667817 0.457335 167 114
P 216 0 0.872006 0.710477 0.427813 0.822719 0.659995 0.406088 176 60
P 217 0 0.0894167 0.8778 0.581451 0.123022 0.917887 0.640654 143 115
P 218 0 0.817903 0.931607 0.52011 0.819592 0.862805 0.552815 17 142
P 219 0 0.818892 0.862667 0.446318 0.79158 0.850954 0.516537 52 101
P 220 0 0.706862 0.906593 0.397749 0.726542 0.866594 0.461737 52 157
P 221 0 0.507222 0.553548 0.449936 0.54694 0.569828 0.513893 59 86
P 222 0 0.854189 0.787729 0.474424 0.851579 0.725446 0.427524 33 176
P 223 0 0.90406 0.640413 0.332489 0.83321 0.612842 0.323864 197 83
P 224 0 0.91547 0.235385 0.113361 0.905851 0.175393 0.162613 185 113
P 225 0 0.810442 0.663098 0.453814 0.741773 0.695735 0.430821 114 60
P 226 0 0.493057 0.629482 0.431064 0.508098 0.554367 0.448611 80 59
P 227 0 0.778944 0.630226 0.282565 0.839666 0.609284 0.318553 150 83
P 228 0 0.809614 0.848386 0.549303 0.823129 0.899559 0.495066 142 94
P 229 0 0.590814 0.658152 0.419259 0.575157 0.595086 0.469629 183 120
P 230 0 0.650031 0.749327 0.67849 0.689674 0.678728 0.668952 182 38
P 231 0 0.754712 0.795371 0.468233 0.822502 0.832943 0.420404 157 25
P 232 0 0.805144 0.680569 0.598877 0.774202 0.667077 0.529004 22 96
P 233 0 0.80219 0.657189 0.314221 0.827252 0.590201 0.293318 150 175
P 234 0 0.515255 0.626273 0.493498 0.547295 0.670419 0.437026 120 118
P 235 0 0.806728 0.867436 0.441044 0.786706 0.917051 0.503124 52 17
P 236 0 0.318082 0.461794 0.435791 0.24792 0.46337 0.404402 156 9
P 237 0 0.445387 0.730897 0.726641 0.515203 0.719049 0.754906 70 133
P 238 0 0.767966 0.704931 0.57744 0.775319 0.635945 0.536486 78 96
P 239 0 0.845356 0.730007 0.427436 0.84611 0.649667 0.398941 176 60
P 240 0 0.564465 0.600653 0.47389 0.5084 0.55465 0.448154 120 59
P 241 0 0.384466 0.544956 0.462458 0.455367 0.579945 0.463254 72 98
P 242 0 0.831148 0.791745 0.522884 0.873044 0.855561 0.522343 140 94
P 243 0 0.745623 0.591576 0.237188 0.797546 0.646887 0.265803 150 97
P 244 0 0.790868 0.768084 0.532237 0.732566 0.804284 0.499274 33 164
P 245 0 0.224248 0.261203 0.13939 0.279129 0.208443 0.156963 14 45
P 246 0 0.86308 0.790487 0.466307 0.834448 0.824129 0.533563 33 101
P 247 0 0.855748 0.668828 0.333583 0.863499 0.695796 0.405239 13 167
P 248 0 0.582744 0.591136 0.466606 0.604634 0.668036 0.453274 120 118
P 249 0 0.757508 0.644916 0.610899 0.775012 0.644481 0.534434 195 96
P 250 0 0.910157 0.73736 0.8701 0.933602 0.693423 0.925539 155 66
P 251 0 0.852795 0.849374 0.461015 0.90264 0.80276 0.430188 52 33
P 252 0 0.860068 0.724323 0.393039 0.896693 0.673911 0.346586 150 197
P 253 0 0.674318 0.773431 0.725216 0.662249 0.765584 0.80476 182 91
P 254 0 0.844603 0.641783 0.244622 0.901826 0.609504 0.287736 97 6
P 255 0 0.723456 0.893583 0.489481 0.69123 0.955878 0.453594 101 157
P 256 0 0.8228 0.575053 0.294998 0.76461 0.6136 0.263045 175 150
P 257 0 0.690541 0.957619 0.453435 0.701437 0.90872 0.395398 157 52
P 258 0 0.613583 0.595179 0.938385 0.616991 0.630868 0.866358 117 161
P 259 0 0.156494 0.862368 0.606872 0.113287 0.919274 0.649867 143 115
P 260 0 0.761604 0.610113 0.258951 0.689565 0.580735 0.275758 150 3
P 261 0 0.516936 0.56263 0.435251 0.526073 0.620641 0.489188 59 120
P 262 0 0.380808 0.604623 0.212245 0.359873 0.680048 0.187329 160 69
P 263 0 0.804763 0.842704 0.521773 0.735331 0.815667 0.507491 101 164
P 264 0 0.820518 0.818299 0.128298 0.811883 0.870349 0.0675588 170 138
P 265 0 0.724228 0.663065 0.487164 0.716293 0.737297 0.450921 118 164
P 266 0 0.891384 0.704592 0.576563 0.808237 0.711172 0.5755 140 78
P 267 0 0.901376 0.652616 0.337624 0.854757 0.645849 0.396299 197 60
P 268 0 0.778729 0.803755 0.538435 0.778964 0.740232 0.58437 142 7
P 269 0 0.674008 0.665152 0.472933 0.742805 0.641529 0.437718 118 114
P 270 0 0.782738 0.765562 0.53966 0.756676 0.790405 0.468685 33 157
P 271 0 0.65827 0.757504 0.694342 0.65475 0.696439 0.645001 182 26
P 272 0 0.773364 0.644407 0.606887 0.802209 0.710238 0.575791 195 78
P 273 0 0.904316 0.63925 0.331999 0.831288 0.6139 0.325445 197 83
P 274 0 0.610486 0.747756 0.868732 0.579843 0.795628 0.818055 64 190
P 275 0 0.716504 0.740546 0.667805 0.699462 0.667738 0.649857 29 38
P 276 0 0.871501 0.714303 0.250546 0.884504 0.637454 0.226662 95 97
P 277 0 0.517857 0.720392 0.75369 0.593751 0.710437 0.788241 133 64
P 278 0 0.46107 0.575239 0.395387 0.539858 0.58406 0.400603 146 59
P 279 0 0.74727 0.593487 0.239432 0.758673 0.592639 0.315151 150 184
P 280 0 0.760813 0.715745 0.367171 0.824661 0.70918 0.317014 183 13
P 281 0 0.503905 0.701801 0.544174 0.505947 0.618475 0.522202 21 122
P 282 0 0.701809 0.665103 0.64528 0.651554 0.60498 0.659361 38 0
P 283 0 0.875869 0.707646 0.427867 0.812579 0.664472 0.409187 176 60
P 284 0 0.647774 0.624666 0.879749 0.605848 0.580888 0.831624 117 177
P 285 0 0.820051 0.565704 0.296035 0.766964 0.61633 0.26625 175 150
P 286 0 0.830965 0.602833 0.291916 0.815086 0.672148 0.331783 175 150
P 287 0 0.836996 0.697562 0.36162 0.757033 0.714465 0.36833 150 183
P 288 0 0.534533 0.568303 0.467537 0.502339 0.632998 0.498646 98 120
P 289 0 0.773545 0.623963 0.275212 0.825823 0.616911 0.329941 150 83
P 290 0 0.48888 0.544019 0.415212 0.505947 0.619617 0.430864 146 80
P 291 0 0.65127 0.825788 0.573856 0.618904 0.771175 0.61571 54 171
P 292 0 0.804735 0.661278 0.452456 0.85248 0.724786 0.427537 114 176
P 293 0 0.848131 0.791438 0.999513 0.884502 0.786239 0.92637 138 151
P 294 0 0.744603 0.596176 0.180015 0.726021 0.564407 0.252452 199 184
P 295 0 0.506514 0.552886 0.451006 0.586488 0.560663 0.470348 59 98
P 296 0 0.853189 0.646542 0.396778 0.902846 0.645933 0.334812 60 197
P 297 0 0.590718 0.592209 0.848714 0.652999 0.58417 0.80506 196 105
P 298 0 0.655511 0.677266 0.668892 0.669678 0.652598 0.602135 26 152
P 299 0 0.6489 0.625637 0.877818 0.644925 0.544945 0.899293 117 161
P 300 0 0.516133 0.611821 0.430706 0.56739 0.563471 0.469314 80 98
P 301 0 0.532612 0.568586 0.467433 0.545082 0.588944 0.392706 98 59
P 302 0 0.82138 0.713437 0.315266 0.853635 0.716861 0.384279 13 150
P 303 0 0.691044 0.804265 0.501417 0.761242 0.778484 0.532281 54 142
P 304 0 0.823621 0.830904 0.529263 0.820441 0.764407 0.569796 101 7
P 305 0 0.593341 0.577394 0.853886 0.652847 0.587182 0.803967 196 105
P 306 0 0.667399 0.703739 0.712405 0.65438 0.705758 0.633388 38 26
P 307 0 0.824283 0.801678 0.516765 0.800188 0.752603 0.576912 140 7
P 308 0 0.663208 0.631026 0.817278 0.731618 0.614406 0.844561 102 190
P 309 0 0.606372 0.663531 0.853837 0.55859 0.624927 0.798466 161 177
P 310 0 0.813021 0.837537 0.525053 0.851256 0.786819 0.477102 101 33
P 311 0 0.788993 0.637204 0.360239 0.774396 0.624951 0.276372 83 150
P 312 0 0.651169 0.64679 0.609468 0.634153 0.708753 0.66622 152 77
P 313 0 0.647413 0.719425 0.412123 0.650668 0.666122 0.466319 167 118
P 314 0 0.610436 0.557141 0.471643 0.578232 0.607256 0.522539 98 86
P 315 0 0.651821 0.60757 0.796572 0.715507 0.655032 0.802765 105 41
P 316 0 0.982521 0.773104 0.938735 0.983446 0.745221 0.863168 194 151
P 317 0 0.822981 0.804438 0.117089 0.818167 0.856669 0.0557624 170 138
P 318 0 0.746539 0.861803 0.540793 0.818244 0.834269 0.527127 164 101
P 319 0 0.848588 0.766512 0.538425 0.7753 0.798799 0.537228 140 142
P 320 0 0.766499 0.866648 0.506576 0.75732 0.906184 0.572829 101 164
P 321 0 0.678816 0.921516 0.471753 0.698898 0.909716 0.394297 101 52
P 322 0 0.67991 0.613084 0.735292 0.649592 0.602992 0.658313 61 0
P 323 0 0.504291 0.692011 0.727629 0.449377 0.685745 0.785076 70 133
P 324 0 0.899913 0.65927 0.340424 0.849066 0.648362 0.398038 197 60
P 325 0 0.685776 0.490933 0.24156 0.725272 0.56376 0.251014 3 184
P 326 0 0.67402 0.72565 0.451523 0.71868 0.789311 0.451087 60 54
P 327 0 0.696825 0.546902 0.850065 0.729724 0.616667 0.844231 50 190
P 328 0 0.67948 0.748916 0.576929 0.654417 0.824085 0.568125 100 54
P 329 0 0.852456 0.697004 0.405591 0.854676 0.67022 0.333011 167 13
P 330 0 0.63974 0.560895 0.893179 0.656005 0.631764 0.865634 161 117
P 331 0 0.76018 0.608461 0.257012 0.821387 0.570249 0.295531 150 175
P 332 0 0.893437 0.636485 0.222642 0.842367 0.59564 0.264835 97 173
P 333 0 0.74625 0.860614 0.539935 0.708673 0.791602 0.551288 164 179
P 334 0 0.818667 0.620854 0.335828 0.831805 0.69154 0.35455 83 150
P 335 0 0.716395 0.651197 0.224741 0.691037 0.615646 0.289052 180 3
P 336 0 0.819557 0.743403 -0.0108719 0.827701 0.791249 0.0470812 12 66
P 337 0 0.804739 0.646107 0.262565 0.813257 0.623835 0.340279 97 83
P 338 0 0.76705 0.61643 0.266367 0.797269 0.543875 0.275131 150 173
P 339 0 0.61462 0.724815 0.463709 0.632606 0.67231 0.406454 187 183
P 340 0 0.352602 0.730097 0.790998 0.410371 0.702803 0.743178 134 148
P 341 0 0.523367 0.657752 0.773752 0.590052 0.702187 0.770447 177 64
P 342 0 0.814378 0.697999 0.544809 0.814695 0.643083 0.59643 152 195
P 343 0 0.689135 0.788137 0.753724 0.761816 0.764448 0.74324 182 29
P 344 0 0.268935 0.625446 0.71054 0.328344 0.614341 0.653923 24 126
P 345 0 0.832872 0.720941 0.984856 0.906092 0.718835 0.957112 12 66
P 346 0 0.864334 0.641621 0.393373 0.794562 0.634136 0.355658 60 83
P 347 0 0.490794 0.574735 0.46517 0.537898 0.582228 0.403565 98 59
P 348 0 0.218688 0.197991 0.266271 0.194809 0.266127 0.279931 19 163
P 349 0 0.518416 0.535712 0.506013 0.555247 0.605452 0.477563 86 120
P 350 0 0.713338 0.792201 0.460815 0.740202 0.835716 0.521963 54 164
P 351 0 0.758568 0.68832 0.42569 0.824656 0.667631 0.457196 60 114
P 352 0 0.652534 0.593397 0.801713 0.591048 0.590345 0.849365 105 196
P 353 0 0.761864 0.777287 0.469882 0.793387 0.846379 0.489233 157 140
P 354 0 0.639429 0.735143 0.766966 0.654724 0.753984 0.687518 38 182
P 355 0 0.795014 0.690398 0.193392 0.842683 0.641991 0.245486 180 97
P 356 0 0.684992 0.567615 0.834507 0.707777 0.642872 0.840398 50 190
P 357 0 0.645706 0.542542 0.900214 0.65679 0.508878 0.832372 161 105
P 358 0 0.777232 0.869563 0.400662 0.729777 0.858416 0.462483 25 157
P 359 0 0.753195 0.889201 0.56057 0.799494 0.846001 0.51968 164 101
P 360 0 0.843761 0.646363 0.287086 0.903408 0.643379 0.333737 175 197
P 361 0 0.859863 0.846603 0.464079 0.907766 0.80435 0.425508 52 33
P 362 0 0.726494 0.728271 0.520053 0.75007 0.723392 0.594522 142 7
P 363 0 0.662306 0.565188 0.921465 0.638511 0.634178 0.952054 102 15
P 364 0 0.572971 0.596224 0.4705 0.509976 0.616533 0.430801 120 80
P 365 0 0.503559 0.550123 0.455472 0.555551 0.605293 0.477442 59 120
P 366 0 0.390562 0.643667 0.711936 0.404698 0.716979 0.67833 148 110
P 367 0 0.873287 0.72075 1.00834 0.87635 0.6476 0.970908 194 12
P 368 0 0.468101 0.653828 0.695192 0.401517 0.708466 0.673056 77 110
P 369 0 0.705377 0.904896 0.482301 0.776795 0.9404 0.469746 101 94
P 370 0 0.781537 0.91464 0.50031 0.813954 0.854658 0.550831 17 142
P 371 0 0.713545 0.709559 0.515496 0.68386 0.776719 0.53267 142 179
P 372 0 0.193797 0.21792 0.211751 0.176597 0.26712 0.15139 19 44
P 373 0 0.737137 0.662528 0.490822 0.756539 0.679851 0.567723 118 152
P 374 0 0.681764 0.752685 0.586134 0.659294 0.821446 0.559242 100 54
P 375 0 0.713748 0.712171 0.41001 0.655679 0.733748 0.457127 167 60
P 376 0 0.760337 0.681043 0.566218 0.733132 0.750172 0.58495 152 33
P 377 0 0.648679 0.533399 0.903719 0.614944 0.455383 0.896481 161 196
P 378 0 0.661661 0.518093 0.995992 0.659773 0.499274 0.916799 102 161
P 379 0 0.741307 0.749677 0.525266 0.678255 0.746894 0.571992 142 100
P 380 0 0.730255 0.907565 0.380176 0.710891 0.906165 0.458128 25 157
P 381 0 0.808219 0.626611 0.344423 0.822086 0.572626 0.295268 83 175
P 382 0 0.637127 0.666685 0.462482 0.696152 0.684424 0.509376 118 142
P 383 0 0.857565 0.66647 0.334551 0.857029 0.720798 0.388901 13 150
P 384 0 0.62586 0.725337 0.631985 0.613867 0.759115 0.564496 182 171
P 385 0 0.606562 0.598081 0.405297 0.59815 0.558948 0.470979 114 98
P 386 0 0.685309 0.642966 0.920451 0.662308 0.565352 0.921205 91 102
P 387 0 0.634191 0.733605 0.648013 0.671129 0.69955 0.705128 182 38
P 388 0 0.736858 0.809518 0.425901 0.774491 0.880076 0.427068 176 52
P 389 0 0.771277 0.621333 0.272124 0.826959 0.616286 0.329007 150 83
P 390 0 0.653047 0.73934 0.591541 0.728498 0.710819 0.602102 26 7
P 391 0 0.84802 0.710348 0.376632 0.772412 0.719675 0.363617 150 183
P 392 0 0.386523 0.668338 0.648196 0.401953 0.677673 0.729902 110 148
P 393 0 0.666004 0.619616 0.667084 0.657997 0.614642 0.746928 0 26
P 394 0 0.687075 0.681647 0.674022 0.648614 0.74792 0.675764 38 182
P 395 0 0.474032 0.698219 0.773776 0.535441 0.671447 0.728151 133 70
P 396 0 0.251649 0.664249 0.720372 0.181263 0.64935 0.751876 137 53
P 397 0 0.724872 0.725927 0.519483 0.761096 0.661532 0.497611 142 118
P 398 0 0.655417 0.67963 0.665946 0.685865 0.657676 0.595722 26 152
P 399 0 0.773942 0.674311 0.527265 0.710382 0.630988 0.530969 96 93
