400 
 5.600000
P 0 0 0.650578 0.590507 0.709431 0.624466 0.664551 0.711162 187 98
P 1 0 0.760711 0.651061 0.781905 0.707611 0.672726 0.838381 152 171
P 2 0 0.690497 0.549552 0.45423 0.765467 0.549728 0.454049 150 83
P 3 0 0.855673 0.679286 0.669791 0.878143 0.664792 0.745387 152 195
P 4 0 0.779095 0.715595 0.870507 0.704732 0.691808 0.84242 182 171
P 5 0 0.570442 0.652277 0.627682 0.630874 0.689281 0.664013 120 80
P 6 0 0.847339 0.50339 0.926188 0.915823 0.48291 0.964605 177 105
P 7 0 0.596733 0.502526 0.678005 0.618527 0.506709 0.75462 123 185
P 8 0 0.883334 0.641782 0.860149 0.840524 0.688468 0.819629 29 38
P 9 0 0.660717 0.535633 0.725161 0.628622 0.575461 0.669687 93 183
P 10 0 0.719138 0.839212 0.539187 0.749216 0.906954 0.56474 52 94
P 11 0 0.888769 0.625648 0.574485 0.897213 0.691632 0.620747 22 152
P 12 0 0.818155 0.584567 0.500044 0.836655 0.657078 0.525272 60 176
P 13 0 0.742721 0.684166 0.952647 0.774283 0.633291 1.00515 190 41
P 14 0 0.75983 0.568666 0.411161 0.708578 0.56777 0.460342 175 150
P 15 0 0.526435 0.512824 0.381242 0.542971 0.454357 0.434156 199 180
P 16 0 0.871273 0.683923 0.651373 0.857346 0.647054 0.719617 152 93
P 17 0 0.698678 0.568535 0.421531 0.759842 0.552671 0.468972 97 83
P 18 0 0.825498 0.640748 0.453142 0.754628 0.617271 0.440039 197 13
P 19 0 0.813541 0.548288 0.0354677 0.738062 0.544549 0.0124411 117 196
P 20 0 0.715449 0.840289 0.539643 0.66442 0.780719 0.553658 52 25
P 21 0 0.839694 0.697642 0.899742 0.821531 0.62707 0.869315 132 41
P 22 0 0.635649 0.782211 0.556127 0.663871 0.855352 0.546031 25 52
P 23 0 0.822518 0.809023 0.526384 0.801299 0.874838 0.564546 52 94
P 24 0 0.670482 0.529384 0.447463 0.681991 0.575156 0.514189 150 184
P 25 0 0.824855 0.665992 0.534747 0.885514 0.612074 0.552725 176 22
P 26 0 0.821003 0.582956 0.496507 0.883384 0.603189 0.538482 60 22
P 27 0 0.888538 0.658957 0.874109 0.84076 0.68861 0.819178 29 38
P 28 0 0.81446 0.787981 0.688489 0.742026 0.806063 0.680304 179 54
P 29 0 0.622741 0.625628 0.726083 0.579788 0.690302 0.727349 118 80
P 30 0 0.769169 0.547792 0.444228 0.753137 0.570915 0.371849 83 173
P 31 0 0.605517 0.611487 0.954083 0.682837 0.623368 0.957537 133 64
P 32 0 0.71005 0.616795 0.951863 0.707655 0.680386 0.996374 77 64
P 33 0 0.751601 0.601286 0.350183 0.695441 0.548956 0.376162 97 173
P 34 0 0.840317 0.605006 0.0878915 0.837024 0.629698 0.00837213 91 190
P 35 0 0.701214 0.570105 0.418111 0.743931 0.603393 0.472294 97 150
P 36 0 0.816888 0.784254 0.580805 0.88267 0.824662 0.564243 140 94
P 37 0 0.761367 0.899462 0.564695 0.766661 0.914853 0.642998 94 137
P 38 0 0.751172 0.567173 0.0471767 0.728251 0.567814 -0.0288163 102 104
P 39 0 0.661523 0.518389 0.535584 0.631545 0.567843 0.481221 3 184
P 40 0 0.576567 0.618672 0.714294 0.653402 0.622576 0.71586 120 118
P 41 0 0.783313 0.826994 0.607128 0.841986 0.849749 0.564394 101 94
P 42 0 0.836557 0.643986 0.679272 0.880804 0.661267 0.740904 96 195
P 43 0 0.663535 0.579023 0.927332 0.592198 0.602985 0.912851 64 133
P 44 0 0.575086 0.495311 0.819685 0.653267 0.513261 0.830041 20 187
P 45 0 0.220252 0.315491 0.0691659 0.197051 0.284874 0.136979 90 18
P 46 0 0.766231 0.684314 0.66951 0.749105 0.613048 0.683949 142 118
P 47 0 0.840315 0.688344 0.820028 0.885544 0.649076 0.866078 38 29
P 48 0 0.741595 0.538743 0.012303 0.726155 0.617497 0.00602801 196 161
P 49 0 0.569886 0.520258 0.410176 0.644874 0.529711 0.379942 199 173
P 50 0 0.653118 0.557939 0.993524 0.681008 0.619167 0.954675 177 64
P 51 0 0.845476 0.691427 0.810175 0.826361 0.626434 0.855428 38 41
P 52 0 0.714438 0.578288 0.400284 0.742657 0.510296 0.426782 97 175
P 53 0 0.829842 0.60575 0.439108 0.762301 0.577065 0.408913 197 175
P 54 0 0.657701 0.599675 0.626306 0.730432 0.575992 0.642522 183 114
P 55 0 0.813293 0.622091 0.720859 0.79995 0.694069 0.699649 93 78
P 56 0 0.786461 0.633725 0.528235 0.708979 0.642375 0.549807 167 183
P 57 0 0.492014 0.552761 0.778423 0.487108 0.624621 0.787453 134 8
P 58 0 0.538403 0.637266 0.79473 0.496752 0.567278 0.788058 8 134
P 59 0 0.72166 0.582757 0.390548 0.723189 0.582492 0.465282 97 150
P 60 0 0.732023 0.576038 0.72315 0.68105 0.553063 0.672694 93 114
P 61 0 0.74748 0.717823 0.733641 0.753625 0.717219 0.657236 179 164
P 62 0 0.764565 0.680735 0.34462 0.737482 0.61829 0.310303 68 6
P 63 0 0.827995 0.807424 0.525706 0.846418 0.741545 0.489563 52 33
P 64 0 0.841923 0.653097 0.521041 0.787287 0.602029 0.538382 176 60
P 65 0 0.773394 0.66645 0.970772 0.730919 0.609135 1.0038 190 161
P 66 0 0.753904 0.613442 0.475666 0.760931 0.634863 0.549444 150 167
P 67 0 0.744681 0.69381 0.657011 0.748291 0.718672 0.733094 164 179
P 68 0 0.839258 0.628408 1.00969 0.821691 0.582817 0.947879 190 102
P 69 0 0.71498 0.574221 0.462507 0.739087 0.498159 0.43003 150 175
P 70 0 0.757854 0.528522 0.957212 0.816223 0.581604 0.955578 177 102
P 71 0 0.866165 0.703786 0.770678 0.850649 0.643259 0.719806 38 93
P 72 0 0.834188 0.744083 0.593935 0.81801 0.684801 0.637693 33 96
P 73 0 0.712462 0.577065 0.402948 0.772584 0.546005 0.435167 97 83
P 74 0 0.605681 0.73865 0.311689 0.627436 0.788077 0.378079 63 85
P 75 0 0.747377 0.526339 0.422489 0.769294 0.450934 0.405187 175 144
P 76 0 0.686779 0.670216 0.605388 0.741703 0.686016 0.656936 54 164
P 77 0 0.830025 0.604273 0.438516 0.880532 0.547021 0.41906 197 14
P 78 0 0.887244 0.790122 0.518369 0.838457 0.743197 0.557503 52 33
P 79 0 0.535921 0.691179 0.781734 0.489422 0.625191 0.787781 80 8
P 80 0 0.813566 0.912593 0.440598 0.877962 0.873127 0.462347 49 84
P 81 0 0.867484 0.795892 0.520816 0.849757 0.793538 0.598052 52 101
P 82 0 0.756797 0.52882 0.957579 0.71928 0.575423 1.01318 177 196
P 83 0 0.691303 0.204059 0.143616 0.718249 0.264561 0.0994955 136 95
P 84 0 0.861713 0.862474 0.548267 0.864767 0.823884 0.477688 24 189
P 85 0 0.739262 0.595133 0.956548 0.743068 0.652817 0.899881 105 77
P 86 0 0.888806 0.659843 0.874828 0.865101 0.610881 0.935458 29 50
P 87 0 0.699032 0.568754 0.421054 0.757058 0.554128 0.476358 97 83
P 88 0 0.860711 0.740759 0.669678 0.899943 0.672248 0.649186 7 22
P 89 0 0.687855 0.546889 0.453336 0.752285 0.556626 0.489022 150 83
P 90 0 0.824861 0.64588 0.4552 0.826772 0.664544 0.533208 197 176
P 91 0 0.65171 0.622744 0.716424 0.575427 0.624926 0.698177 118 120
P 92 0 0.650558 0.639786 0.641137 0.627149 0.574235 0.671884 167 183
P 93 0 0.84026 0.72509 0.6979 0.829756 0.658952 0.664025 7 96
P 94 0 0.795387 0.495988 0.973624 0.741136 0.539497 1.01232 161 196
P 95 0 0.731458 0.576469 0.641895 0.708017 0.617138 0.697649 114 118
P 96 0 0.700763 0.569826 0.41872 0.757896 0.55369 0.474135 97 83
P 97 0 0.867374 0.745864 0.660483 0.811183 0.699825 0.622388 7 96
P 98 0 0.749034 0.599697 0.353644 0.755809 0.554998 0.414819 97 175
P 99 0 0.651803 0.555324 0.764365 0.675568 0.511384 0.829109 187 47
P 100 0 0.791664 0.660261 0.745361 0.756388 0.665742 0.674901 152 142
P 101 0 0.752794 0.556359 0.487672 0.757192 0.614483 0.440939 83 13
P 102 0 0.834768 0.534429 0.960906 0.897823 0.585287 0.952834 105 50
P 103 0 0.906021 0.73167 0.623198 0.833312 0.744264 0.601406 140 33
P 104 0 0.686066 0.545087 0.452731 0.748393 0.558662 0.499347 150 83
P 105 0 0.777539 0.764744 0.751033 0.816507 0.790124 0.68711 100 179
P 106 0 0.576903 0.489704 0.466019 0.606476 0.564208 0.464837 3 184
P 107 0 0.596812 0.60593 0.927136 0.668962 0.59149 0.935824 133 64
P 108 0 0.819404 0.557782 0.0313263 0.837118 0.629644 0.00842758 117 190
P 109 0 0.823231 0.673311 0.649398 0.824552 0.746082 0.676165 96 33
P 110 0 0.53831 0.554327 0.420289 0.564145 0.485379 0.455531 184 3
P 111 0 0.935436 0.714317 0.637189 0.86999 0.747868 0.656873 140 7
P 112 0 0.78992 0.692386 0.562802 0.771236 0.611109 0.558318 176 60
P 113 0 0.569564 0.579587 0.47568 0.596726 0.524851 0.428048 75 199
P 114 0 0.891135 0.667528 0.881075 0.817731 0.674852 0.863144 29 38
P 115 0 0.707349 0.573902 0.40984 0.67912 0.501258 0.39916 97 180
P 116 0 0.682494 0.541488 0.451524 0.739508 0.499592 0.429647 150 175
P 117 0 0.763942 0.712012 0.583664 0.772575 0.775108 0.544378 176 25
P 118 0 0.718774 0.650531 0.535194 0.776692 0.636404 0.48337 183 150
P 119 0 0.780057 0.693171 0.841649 0.805495 0.762761 0.797333 77 100
P 120 0 0.82447 0.860312 0.501872 0.812345 0.846498 0.421151 189 49
P 121 0 0.762785 0.553207 -0.0111167 0.793144 0.515258 0.0498766 161 117
P 122 0 0.805564 0.664393 0.72895 0.768121 0.596494 0.722132 152 93
P 123 0 0.827244 0.509033 0.933155 0.7751 0.531593 0.983119 177 161
P 124 0 0.524378 0.65192 0.844239 0.47486 0.619071 0.895152 134 148
P 125 0 0.810142 0.670318 0.877633 0.883754 0.64317 0.861278 38 29
P 126 0 0.753764 0.555852 0.485098 0.740462 0.502833 0.428779 83 175
P 127 0 0.784322 0.714418 0.878138 0.785197 0.655416 0.925255 182 38
P 128 0 0.699037 0.568758 0.421047 0.76186 0.574235 0.371197 97 173
P 129 0 0.826352 0.807903 0.525909 0.847145 0.741394 0.48336 52 33
P 130 0 0.672942 0.62063 0.709344 0.744543 0.583133 0.722797 118 93
P 131 0 0.833424 0.703359 0.94982 0.776689 0.650333 0.941499 182 38
P 132 0 0.779852 0.475855 1.01081 0.764395 0.526685 0.954945 196 177
P 133 0 0.65687 0.515669 0.442861 0.590501 0.494314 0.477198 150 3
P 134 0 0.611229 0.626774 0.729921 0.626524 0.573714 0.672817 118 183
P 135 0 0.869408 0.75327 0.605785 0.841785 0.742506 0.529105 140 33
P 136 0 0.777767 0.637487 0.483734 0.822988 0.581834 0.494042 150 60
P 137 0 0.790745 0.600073 0.534087 0.809128 0.677874 0.547377 60 176
P 138 0 0.707015 0.573694 0.410291 0.744273 0.515788 0.425312 97 175
P 139 0 0.84689 0.649344 0.517052 0.782847 0.604541 0.543897 176 60
P 140 0 0.787473 0.633679 0.527394 0.823108 0.660007 0.460864 167 197
P 141 0 0.608325 0.61328 0.962778 0.659547 0.569859 0.92109 133 64
P 142 0 0.744476 0.654354 0.897664 0.791296 0.712847 0.888318 77 182
P 143 0 0.846786 0.836303 0.625392 0.892048 0.818879 0.564208 142 94
P 144 0 0.836467 0.816833 0.631043 0.878218 0.827407 0.56426 142 94
P 145 0 0.856689 0.520496 0.961907 0.880599 0.443855 0.976237 105 92
P 146 0 0.826364 0.745706 0.660699 0.839908 0.6746 0.688403 33 152
P 147 0 0.814101 0.705047 0.734 0.766356 0.704997 0.800127 7 26
P 148 0 0.812 0.613867 0.592685 0.795081 0.63334 0.521074 114 167
P 149 0 0.709034 0.592267 1.01358 0.725426 0.53763 0.968455 196 177
P 150 0 0.771917 0.654392 0.768674 0.701664 0.672805 0.730445 152 78
P 151 0 0.715425 0.850698 0.592216 0.658493 0.889845 0.624179 157 101
P 152 0 0.194339 0.647674 0.753585 0.254534 0.631778 0.801145 122 48
P 153 0 0.761331 0.620925 0.478177 0.720108 0.651642 0.533204 150 183
P 154 0 0.84852 0.84572 0.56437 0.873951 0.887442 0.623508 94 17
P 155 0 0.779341 0.700378 0.571298 0.838728 0.743141 0.555191 176 33
P 156 0 0.770817 0.91923 0.638147 0.766887 0.896058 0.564674 137 94
P 157 0 0.786819 0.602294 0.538963 0.835211 0.658168 0.526431 60 176
P 158 0 0.733448 0.615623 0.318563 0.719379 0.581346 0.393623 6 97
P 159 0 0.622628 0.62241 1.00706 0.663552 0.555008 0.989907 133 177
P 160 0 0.711783 0.845623 0.380454 0.786691 0.82253 0.383349 36 51
P 161 0 0.740602 0.562738 0.520017 0.774769 0.634246 0.537948 83 167
P 162 0 0.127425 0.814108 0.17954 0.195526 0.783748 0.198194 193 28
P 163 0 0.628112 0.625911 0.0240353 0.690343 0.595295 -0.0171112 133 77
P 164 0 0.739458 0.598886 0.470782 0.752548 0.543914 0.417785 150 175
P 165 0 0.60547 0.556182 0.704227 0.642427 0.623668 0.719519 183 118
P 166 0 0.802289 0.683041 0.552869 0.843727 0.742103 0.512532 176 33
P 167 0 0.741571 0.651184 0.902238 0.708497 0.666849 0.837137 77 171
P 168 0 0.842368 0.742385 0.524122 0.822115 0.668062 0.536948 33 176
P 169 0 0.794937 0.599315 0.879929 0.814534 0.672942 0.869247 26 38
P 170 0 0.666401 0.854613 0.545718 0.677461 0.919341 0.590244 52 157
P 171 0 0.895722 0.873098 0.63371 0.964665 0.90064 0.6007 179 24
P 172 0 0.814721 0.8113 0.52735 0.795377 0.886612 0.519332 52 189
P 173 0 0.837445 0.544495 0.414546 0.904731 0.58782 0.425668 197 68
P 174 0 0.690137 0.595071 0.983213 0.658749 0.568027 0.919842 77 64
P 175 0 0.885117 0.610416 0.550067 0.832804 0.659987 0.528364 22 176
P 176 0 0.208482 0.295772 0.127544 0.284159 0.284718 0.121171 18 90
P 177 0 0.77072 0.599771 0.445687 0.744948 0.560465 0.508488 13 83
P 178 0 0.724692 0.655459 0.526366 0.740238 0.628645 0.596816 183 60
P 179 0 0.77243 0.7056 0.576848 0.8383 0.743229 0.558845 176 33
P 180 0 0.721874 0.58289 0.390259 0.743441 0.51296 0.426069 97 175
P 181 0 0.733437 0.847054 0.640205 0.667951 0.885082 0.622887 31 101
P 182 0 0.758952 0.720132 0.8411 0.805315 0.762773 0.797034 182 100
P 183 0 0.823445 0.712206 0.721105 0.857466 0.698589 0.787286 7 38
P 184 0 0.80151 0.555568 0.959389 0.811572 0.5451 1.03686 105 117
P 185 0 0.730202 0.58956 0.467653 0.74715 0.525568 0.422695 150 175
P 186 0 0.83895 0.631334 0.921571 0.884819 0.646684 0.864133 50 29
P 187 0 0.806702 0.591046 0.514268 0.82918 0.611083 0.441247 60 197
P 188 0 0.637845 0.562228 -0.00118059 0.714346 0.583534 0.0133683 177 196
P 189 0 0.824641 0.580898 0.491989 0.79807 0.657945 0.490598 60 150
P 190 0 0.736464 0.850584 0.613528 0.785886 0.884343 0.564603 101 94
P 191 0 0.628165 0.658316 0.693736 0.630718 0.624295 0.620883 98 116
P 192 0 0.8956 0.864392 0.724466 0.869293 0.845415 0.651526 194 179
P 193 0 0.820212 0.543681 0.960242 0.799141 0.583773 0.891666 105 26
P 194 0 0.672684 0.549178 0.677805 0.667489 0.621173 0.711162 114 118
P 195 0 0.738494 0.54384 0.0124242 0.813556 0.548313 0.0354571 196 117
P 196 0 0.93372 0.591158 0.651745 1.00854 0.553652 0.643113 195 86
P 197 0 0.745153 0.695045 0.657023 0.798321 0.744861 0.651935 164 142
P 198 0 0.862058 0.517084 0.962152 0.913486 0.573037 0.961152 105 50
P 199 0 0.680086 0.617048 0.953232 0.6182 0.619583 0.993349 64 133
P 200 0 0.897835 0.769202 0.618447 0.896405 0.691392 0.621702 7 152
P 201 0 0.802024 0.952097 0.601717 0.785956 0.884299 0.564603 137 94
P 202 0 0.781728 0.713553 0.661023 0.806416 0.779554 0.693912 142 179
P 203 0 0.741952 0.723961 0.816283 0.762258 0.673753 0.869669 182 77
P 204 0 0.632572 0.624649 0.722805 0.626329 0.689372 0.669648 118 80
P 205 0 0.509512 0.550152 0.401469 0.568012 0.500458 0.385687 184 173
P 206 0 0.727473 0.537055 0.967745 0.705875 0.612241 0.958435 177 77
P 207 0 0.548889 0.666881 0.178454 0.588299 0.714541 0.228868 59 21
P 208 0 0.760751 0.634871 0.549594 0.812149 0.587965 0.507504 167 60
P 209 0 0.786682 0.582413 0.451289 0.711529 0.570744 0.46134 13 150
P 210 0 0.709673 0.568874 0.460713 0.777417 0.543476 0.422346 150 83
P 211 0 0.750332 0.569847 0.372059 0.78024 0.63804 0.392595 173 175
P 212 0 0.606886 0.627207 0.731369 0.60899 0.690645 0.784085 118 98
P 213 0 0.798284 0.569796 0.455361 0.794458 0.597972 0.529475 13 60
P 214 0 0.836278 0.743649 0.576096 0.893967 0.766239 0.623785 33 7
P 215 0 0.756855 0.635045 0.55283 0.82866 0.621604 0.582506 167 114
P 216 0 0.842774 0.652454 0.520358 0.793633 0.598439 0.5305 176 60
P 217 0 0.719616 0.262768 0.100681 0.679447 0.201879 0.12749 95 136
P 218 0 0.892647 0.908261 0.596389 0.8516 0.845386 0.622755 17 142
P 219 0 0.794132 0.817312 0.529899 0.806468 0.815335 0.603965 52 101
P 220 0 0.670439 0.853433 0.545217 0.728705 0.826688 0.592905 52 157
P 221 0 0.612992 0.689638 0.686183 0.575298 0.625635 0.696348 80 120
P 222 0 0.838874 0.74311 0.553947 0.82576 0.665309 0.534021 33 176
P 223 0 0.833305 0.577851 0.427921 0.757961 0.562312 0.412861 197 175
P 224 0 0.640318 0.781969 0.555726 0.71345 0.754332 0.538123 25 119
P 225 0 0.816026 0.615737 0.590225 0.73933 0.629158 0.597944 114 60
P 226 0 0.62104 0.670328 0.727305 0.606142 0.653966 0.80434 98 8
P 227 0 0.693064 0.552138 0.455097 0.769231 0.547759 0.444064 150 83
P 228 0 0.843488 0.830081 0.627198 0.815983 0.865784 0.564491 142 94
P 229 0 0.623734 0.571391 0.676979 0.576013 0.62171 0.706465 183 120
P 230 0 0.779175 0.715577 0.870624 0.837434 0.686622 0.825529 182 38
P 231 0 0.765895 0.759446 0.594837 0.823615 0.772461 0.539999 157 25
P 232 0 0.9034 0.686668 0.672303 0.836008 0.645194 0.678041 22 96
P 233 0 0.725709 0.585032 0.466134 0.746544 0.523506 0.423247 150 175
P 234 0 0.594922 0.714364 0.85037 0.616735 0.656578 0.805843 98 8
P 235 0 0.780701 0.821234 0.531563 0.737917 0.810032 0.593384 52 157
P 236 0 0.656835 0.956634 0.589173 0.665651 0.886241 0.623201 157 101
P 237 0 0.771333 0.640672 0.241003 0.782086 0.620151 0.309085 6 97
P 238 0 0.842296 0.703231 0.686381 0.845726 0.623808 0.699827 78 96
P 239 0 0.764122 0.550432 0.457617 0.809326 0.589562 0.51101 83 60
P 240 0 0.559954 0.690699 0.751938 0.605424 0.653789 0.804239 80 8
P 241 0 0.90751 0.785245 0.452037 0.847512 0.741318 0.480228 189 33
P 242 0 0.856461 0.760908 0.599627 0.877193 0.82804 0.564263 140 94
P 243 0 0.64627 0.504987 0.439277 0.697111 0.567566 0.423642 150 97
P 244 0 0.831378 0.807232 0.63383 0.769149 0.757853 0.657627 142 164
P 245 0 0.85369 0.615243 0.812658 0.887789 0.656485 0.872099 112 29
P 246 0 0.840311 0.742812 0.541684 0.853775 0.791514 0.597503 33 101
P 247 0 0.789172 0.579705 0.452163 0.819379 0.632257 0.500888 13 167
P 248 0 0.57661 0.618435 0.714904 0.655846 0.622332 0.715045 120 118
P 249 0 0.872637 0.672087 0.754664 0.843061 0.629672 0.693853 195 96
P 250 0 0.818911 0.674199 0.0768843 0.764183 0.634621 0.0341891 91 41
P 251 0 0.831564 0.806382 0.525264 0.846705 0.741485 0.487117 52 33
P 252 0 0.806989 0.666932 0.493613 0.829061 0.612043 0.441632 150 197
P 253 0 0.811643 0.708264 0.918022 0.862432 0.758722 0.891628 182 100
P 254 0 0.726098 0.585504 0.384565 0.736795 0.617836 0.31171 97 6
P 255 0 0.731291 0.853189 0.614235 0.682083 0.910983 0.590484 101 157
P 256 0 0.742203 0.508752 0.427195 0.672934 0.531855 0.448292 175 150
P 257 0 0.681174 0.912627 0.590437 0.66445 0.855182 0.545959 157 52
P 258 0 0.771555 0.524675 0.952462 0.746496 0.581796 0.996507 177 161
P 259 0 0.616157 0.887286 0.590986 0.691203 0.873374 0.619711 159 101
P 260 0 0.668712 0.527601 0.446865 0.620295 0.504413 0.501691 150 3
P 261 0 0.574252 0.631373 0.681559 0.622324 0.570217 0.679083 120 183
P 262 0 0.565217 0.558781 0.670197 0.574281 0.631217 0.681963 123 120
P 263 0 0.821017 0.808009 0.601978 0.774256 0.771219 0.657756 101 164
P 264 0 0.777719 0.617448 0.314973 0.820425 0.55379 0.328942 97 14
P 265 0 0.773339 0.610635 0.675869 0.739099 0.679199 0.65687 118 164
P 266 0 0.951118 0.705065 0.644648 0.880423 0.71148 0.674436 140 78
P 267 0 0.831759 0.590307 0.432916 0.821977 0.632141 0.49873 197 167
P 268 0 0.818379 0.782706 0.64095 0.847322 0.730501 0.688154 142 7
P 269 0 0.724001 0.615547 0.692319 0.758277 0.588922 0.625509 118 114
P 270 0 0.827325 0.745507 0.652503 0.856535 0.790125 0.597126 33 101
P 271 0 0.79019 0.713096 0.886704 0.771651 0.685417 0.814912 182 26
P 272 0 0.879555 0.662921 0.743007 0.874716 0.710245 0.676224 195 78
P 273 0 0.833452 0.576664 0.427445 0.765141 0.549899 0.454913 197 83
P 274 0 0.81995 0.864398 0.504585 0.813215 0.893593 0.435008 189 49
P 275 0 0.882987 0.640639 0.85922 0.848213 0.693062 0.80495 29 38
P 276 0 0.786451 0.659153 0.386945 0.750677 0.600714 0.351429 175 97
P 277 0 0.619253 0.620255 0.996607 0.691688 0.643704 0.971388 133 64
P 278 0 0.551063 0.533993 0.835322 0.495405 0.563151 0.785319 20 134
P 279 0 0.648584 0.507319 0.440059 0.598523 0.563056 0.459641 150 184
P 280 0 0.718143 0.650005 0.536136 0.685523 0.667128 0.603685 183 54
P 281 0 0.858288 0.920275 0.534326 0.783855 0.897028 0.526246 198 189
P 282 0 0.850797 0.694606 0.800016 0.835921 0.770329 0.782187 38 0
P 283 0 0.845991 0.650024 0.517774 0.786831 0.602287 0.538949 176 60
P 284 0 0.807322 0.538218 1.03986 0.814917 0.547047 0.96 117 105
P 285 0 0.739524 0.499647 0.429632 0.67624 0.535186 0.44941 175 150
P 286 0 0.750163 0.535809 0.419954 0.675533 0.534473 0.44917 175 150
P 287 0 0.774589 0.634284 0.482659 0.716044 0.648257 0.539268 150 183
P 288 0 0.62819 0.575101 0.670332 0.576405 0.619562 0.712001 183 120
P 289 0 0.685481 0.544498 0.452534 0.762474 0.551294 0.46199 150 83
P 290 0 0.617545 0.67622 0.743771 0.544847 0.691001 0.770669 98 80
P 291 0 0.777118 0.71604 0.867621 0.8457 0.759909 0.863917 182 100
P 292 0 0.811153 0.613475 0.593202 0.82651 0.664742 0.533418 114 176
P 293 0 0.791893 0.62622 0.295864 0.809 0.651279 0.370313 97 68
P 294 0 0.625399 0.529757 0.447141 0.661779 0.572226 0.50098 199 184
P 295 0 0.658587 0.535435 0.46924 0.68067 0.501792 0.398761 199 180
P 296 0 0.814075 0.586876 0.505112 0.832605 0.583486 0.430181 60 197
P 297 0 0.742832 0.53671 1.01225 0.67375 0.552144 0.986371 196 177
P 298 0 0.77872 0.691713 0.843752 0.762988 0.651738 0.779216 77 152
P 299 0 0.808523 0.540163 0.0390124 0.792874 0.500397 -0.0251998 117 161
P 300 0 0.667114 0.62121 0.711287 0.614686 0.563857 0.690478 118 183
P 301 0 0.794391 0.69967 0.292534 0.795563 0.660187 0.362544 21 68
P 302 0 0.750175 0.622114 0.438476 0.797955 0.657829 0.490559 13 150
P 303 0 0.730687 0.77818 0.664928 0.804163 0.755882 0.648736 54 142
P 304 0 0.841827 0.79753 0.599135 0.874173 0.751073 0.6511 101 7
P 305 0 0.751099 0.52312 1.01193 0.801902 0.555319 0.959407 196 105
P 306 0 0.704373 0.694187 0.842923 0.768509 0.697036 0.806138 171 26
P 307 0 0.845672 0.767273 0.594496 0.861062 0.741028 0.669193 140 7
P 308 0 0.851605 0.621437 0.928291 0.833884 0.631512 1.00652 50 190
P 309 0 0.728866 0.61274 1.00476 0.710544 0.54181 0.973615 161 177
P 310 0 0.830129 0.803421 0.600733 0.777688 0.780201 0.657842 101 164
P 311 0 0.744497 0.5607 0.509683 0.764452 0.614947 0.566743 83 60
P 312 0 0.749825 0.647826 0.794757 0.758341 0.66948 0.875836 152 77
P 313 0 0.65219 0.639713 0.639782 0.701071 0.61783 0.699965 167 118
P 314 0 0.650727 0.593869 0.636709 0.650704 0.586891 0.715078 183 187
P 315 0 0.783592 0.566957 0.958571 0.775556 0.633124 1.00149 105 41
P 316 0 0.568724 0.661707 0.603379 0.523861 0.632601 0.659951 120 123
P 317 0 0.648296 0.710212 0.247402 0.610437 0.739242 0.311432 21 63
P 318 0 0.794953 0.825391 0.658277 0.835893 0.800518 0.599946 164 101
P 319 0 0.883866 0.74474 0.612661 0.815591 0.777446 0.642476 140 142
P 320 0 0.778791 0.829271 0.607746 0.814862 0.877501 0.658778 101 164
P 321 0 0.682029 0.877994 0.620964 0.661646 0.856001 0.546306 101 52
P 322 0 0.876249 0.709811 0.751425 0.837722 0.771363 0.784329 38 0
P 323 0 0.675686 0.579305 0.00596352 0.708458 0.648558 0.0143113 77 161
P 324 0 0.830916 0.597099 0.435639 0.811309 0.58844 0.508547 197 60
P 325 0 0.69216 0.528774 0.56077 0.66323 0.572436 0.501928 3 184
P 326 0 0.693877 0.654871 0.654396 0.710781 0.729235 0.637936 60 54
P 327 0 0.824488 0.65617 0.0797522 0.831596 0.632834 0.00516452 91 190
P 328 0 0.75921 0.766044 0.720676 0.75707 0.843052 0.700704 100 54
P 329 0 0.810834 0.632638 0.507987 0.787955 0.581029 0.451736 167 13
P 330 0 0.784265 0.515507 0.97883 0.71099 0.541685 0.97346 161 177
P 331 0 0.666713 0.525586 0.446189 0.740827 0.504073 0.428448 150 175
P 332 0 0.756179 0.604119 0.344011 0.70446 0.552389 0.375488 97 173
P 333 0 0.794419 0.823995 0.658264 0.788337 0.760618 0.706099 164 179
P 334 0 0.758981 0.553122 0.471256 0.767297 0.626938 0.480194 83 150
P 335 0 0.63124 0.484764 0.411467 0.592358 0.494943 0.478724 180 3
P 336 0 0.906548 0.586615 0.426719 0.8313 0.594002 0.434398 68 197
P 337 0 0.701542 0.570308 0.417669 0.75634 0.554504 0.478263 97 83
P 338 0 0.676361 0.535307 0.44945 0.639735 0.527755 0.380326 150 173
P 339 0 0.650808 0.583917 0.719721 0.646943 0.590718 0.642354 187 183
P 340 0 0.513481 0.618532 0.822078 0.471273 0.618504 0.891962 134 148
P 341 0 0.729499 0.565852 0.967007 0.684819 0.627923 0.960639 104 64
P 342 0 0.865894 0.682324 0.657723 0.939334 0.712017 0.639043 152 140
P 343 0 0.831451 0.703803 0.94694 0.90386 0.709521 0.915206 182 29
P 344 0 0.672985 0.245177 0.386722 0.597388 0.236154 0.358862 125 23
P 345 0 0.820271 0.669801 0.0775838 0.766145 0.634363 0.0285472 91 41
P 346 0 0.821552 0.582646 0.495825 0.747215 0.559278 0.502472 60 83
P 347 0 0.775405 0.931705 0.462177 0.812826 0.872533 0.428811 51 49
P 348 0 0.817246 0.88374 0.658838 0.741973 0.888851 0.671818 164 137
P 349 0 0.65161 0.56088 0.75569 0.607161 0.627179 0.731278 187 118
P 350 0 0.714628 0.738695 0.643153 0.794476 0.737605 0.654041 54 142
P 351 0 0.750597 0.622785 0.583951 0.828163 0.621373 0.58281 60 114
P 352 0 0.729173 0.6122 0.00461545 0.743872 0.535 0.012214 161 196
P 353 0 0.775338 0.742372 0.595327 0.851113 0.764063 0.597084 157 140
P 354 0 0.7821 0.653566 0.931167 0.774265 0.633294 1.0052 38 41
P 355 0 0.782672 0.540727 0.408404 0.724915 0.584772 0.386159 83 97
P 356 0 0.83091 0.637623 0.917302 0.805081 0.648148 0.989497 50 190
P 357 0 0.794171 0.498122 0.974193 0.872227 0.51062 0.962616 161 105
P 358 0 0.762439 0.775634 0.545248 0.732975 0.818968 0.593127 25 157
P 359 0 0.807243 0.85756 0.658586 0.815202 0.810937 0.602772 164 101
P 360 0 0.762637 0.578208 0.408608 0.832929 0.580879 0.429135 175 197
P 361 0 0.839367 0.804103 0.524298 0.865008 0.785858 0.595969 52 101
P 362 0 0.775913 0.702582 0.664207 0.828618 0.71617 0.713966 142 7
P 363 0 0.753008 0.567581 0.0445909 0.767527 0.496115 0.0112891 102 196
P 364 0 0.575842 0.622653 0.704033 0.626634 0.573806 0.672653 120 183
P 365 0 0.617166 0.565922 0.686777 0.574471 0.630172 0.684656 183 120
P 366 0 0.526502 0.448683 0.438389 0.585066 0.492471 0.47273 180 3
P 367 0 0.828473 0.626156 0.849356 0.897785 0.662958 0.838343 41 112
P 368 0 0.799758 0.837967 0.658398 0.74621 0.893314 0.666872 164 137
P 369 0 0.71134 0.863235 0.61696 0.759165 0.90082 0.564703 101 94
P 370 0 0.82068 0.794495 0.684297 0.847017 0.836738 0.625265 179 142
P 371 0 0.765386 0.682719 0.669973 0.766797 0.738056 0.720619 142 179
P 372 0 0.848694 0.453855 0.378201 0.773556 0.421149 0.377435 197 46
P 373 0 0.78602 0.609372 0.67164 0.824761 0.670098 0.706286 118 152
P 374 0 0.764481 0.76567 0.729407 0.753556 0.834414 0.69594 100 54
P 375 0 0.703514 0.637424 0.597144 0.681573 0.661831 0.669678 167 60
P 376 0 0.827462 0.670901 0.703097 0.819307 0.74717 0.720926 152 33
P 377 0 0.893751 0.496939 0.963598 0.955186 0.540421 0.983295 105 50
P 378 0 0.582514 0.522419 0.418584 0.541845 0.453969 0.434445 199 180
P 379 0 0.787956 0.725303 0.657612 0.756382 0.766244 0.715994 142 100
P 380 0 0.698955 0.778927 0.550695 0.730351 0.73739 0.610639 25 176
P 381 0 0.753881 0.55579 0.484786 0.741508 0.506388 0.427828 83 175
P 382 0 0.687768 0.619154 0.704401 0.751245 0.656039 0.677718 118 142
P 383 0 0.807988 0.555191 0.310296 0.759874 0.573479 0.371346 14 173
P 384 0 0.74305 0.681759 0.717478 0.779966 0.75185 0.711742 78 179
P 385 0 0.64195 0.534907 0.696583 0.713644 0.565624 0.723668 114 93
P 386 0 0.775676 0.530582 -0.0171503 0.753185 0.56762 0.044342 161 102
P 387 0 0.757999 0.720346 0.839709 0.828216 0.681115 0.843127 182 38
P 388 0 0.730203 0.737502 0.610758 0.733667 0.817717 0.593163 176 157
P 389 0 0.682297 0.541289 0.451457 0.763028 0.551005 0.46052 150 83
P 390 0 0.757186 0.738904 0.774523 0.814653 0.70547 0.733238 26 7
P 391 0 0.790069 0.649883 0.487893 0.724584 0.655369 0.526526 150 183
P 392 0 0.663091 0.621611 0.712629 0.645478 0.589498 0.64454 118 183
P 393 0 0.856335 0.635896 0.892176 0.799231 0.583438 0.891918 132 26
P 394 0 0.834571 0.684912 0.830994 0.777281 0.716004 0.867859 38 182
P 395 0 0.853901 0.799859 0.522498 0.865369 0.871392 0.49196 52 198
P 396 0 0.617893 0.51104 0.755292 0.653169 0.516082 0.825636 185 187
P 397 0 0.774595 0.700094 0.66493 0.808548 0.700792 0.741663 142 7
P 398 0 0.777318 0.664462 0.830736 0.816934 0.627675 0.882531 26 41
P 399 0 0.83375 0.650163 0.672979 0.787417 0.607428 0.721588 96 93
