400 
 2.000000
P 0 0 0.852134 0.636514 0.644955 0.784301 0.631247 0.686847 41 38
P 1 0 0.704606 0.690848 0.606796 0.765917 0.713436 0.5531 78 146
P 2 0 0.94129 0.231599 0.146919 0.878467 0.184309 0.12589 150 83
P 3 0 0.676019 0.83298 0.771457 0.637761 0.764972 0.775219 152 195
P 4 0 0.695876 0.64278 0.65777 0.674804 0.615767 0.585093 182 171
P 5 0 0.910654 0.621208 0.539354 0.93573 0.627898 0.462349 190 119
P 6 0 0.107347 0.96084 0.319976 0.13125 0.945449 0.393045 66 70
P 7 0 0.900316 0.718269 0.483088 0.862317 0.664974 0.441742 32 119
P 8 0 0.0420686 0.950692 0.411849 0.0663769 1.00501 0.461733 70 107
P 9 0 0.142884 0.911072 0.308682 0.16471 0.865545 0.249017 177 28
P 10 0 0.393966 0.380383 0.848318 0.372635 0.304118 0.860552 46 183
P 11 0 0.35102 0.754078 0.838098 0.364411 0.832592 0.830869 108 176
P 12 0 0.882969 0.129752 0.446641 0.907131 0.0672496 0.408703 23 126
P 13 0 0.896238 0.759112 0.512639 0.874661 0.690813 0.552596 80 137
P 14 0 0.00933972 0.115292 0.134866 0.0227006 0.13799 0.207825 181 173
P 15 0 0.0879715 0.896555 0.269849 0.138119 0.905819 0.214222 66 14
P 16 0 0.662222 0.848797 0.784247 0.591705 0.848094 0.747961 152 93
P 17 0 0.9765 0.106883 0.484314 1.01781 0.0415066 0.489405 122 31
P 18 0 0.979789 0.272304 0.45102 0.963422 0.202119 0.425348 23 76
P 19 0 0.930011 0.76287 0.638789 0.896926 0.689278 0.634161 117 196
P 20 0 0.969981 0.214225 0.403901 0.952757 0.145903 0.439421 76 122
P 21 0 0.287255 0.647873 0.878791 0.299052 0.654315 0.801327 6 4
P 22 0 0.170538 0.039647 0.382904 0.172436 0.111749 0.389379 84 169
P 23 0 0.505142 0.720049 0.753961 0.566365 0.767968 0.769236 52 140
P 24 0 1.00522 0.130561 0.424578 0.954579 0.185801 0.454259 31 76
P 25 0 0.482106 0.77557 0.676686 0.495589 0.77579 0.749833 101 33
P 26 0 -0.0316331 0.101352 0.376191 0.044673 0.0789207 0.373181 82 141
P 27 0 0.65347 0.649827 0.656816 0.670363 0.710107 0.708597 182 38
P 28 0 0.502338 0.80957 0.684459 0.507311 0.884091 0.668981 179 54
P 29 0 0.195645 0.803197 0.843292 0.224299 0.779125 0.775549 48 8
P 30 0 1.00905 0.117561 0.136392 0.955057 0.0902302 0.185116 181 197
P 31 0 0.154155 0.152604 0.368388 0.121171 0.0915183 0.352671 180 186
P 32 0 0.883847 0.190307 0.206275 0.833192 0.156326 0.152122 13 150
P 33 0 0.869807 0.0676921 0.230504 0.876039 0.11654 0.172462 62 147
P 34 0 0.136946 0.0511317 0.322224 0.11283 -0.0209678 0.334161 186 66
P 35 0 0.938055 0.128128 0.157905 1.00285 0.166351 0.169193 175 181
P 36 0 0.526932 0.754849 0.782633 0.494786 0.685583 0.802442 52 108
P 37 0 0.906291 0.150711 0.471231 0.959991 0.195788 0.436565 35 76
P 38 0 0.144099 0.138833 0.378733 0.0870531 0.178864 0.418519 180 186
P 39 0 0.0729667 0.0163972 0.357969 0.133846 0.0590689 0.328208 116 186
P 40 0 0.916512 0.688331 0.49999 0.881466 0.748909 0.527866 59 80
P 41 0 0.386005 0.821301 0.828612 0.329245 0.764453 0.843499 176 108
P 42 0 0.658744 0.808219 0.599744 0.604573 0.864857 0.603127 60 127
P 43 0 0.0801464 0.408996 0.230647 0.120396 0.33911 0.240818 89 154
P 44 0 0.839832 0.16095 0.151802 0.908302 0.134029 0.183099 150 197
P 45 0 0.0802524 0.196275 0.431644 0.0649561 0.27473 0.424655 186 3
P 46 0 0.553899 0.752185 0.588229 0.624717 0.78695 0.582257 142 60
P 47 0 0.169744 0.1345 0.703503 0.201873 0.190046 0.741853 178 192
P 48 0 0.835095 0.680634 0.705356 0.777612 0.691519 0.657279 196 190
P 49 0 0.0734731 0.146094 0.231798 0.0112504 0.177689 0.261573 141 154
P 50 0 0.0933141 0.914281 0.283671 0.113979 0.944975 0.207628 66 14
P 51 0 0.0309479 0.0325201 0.318855 0.0698609 0.0238604 0.248635 12 116
P 52 0 1.01027 0.108005 0.129967 0.934911 0.13254 0.121357 181 53
P 53 0 0.919446 0.200646 0.376439 0.956909 0.190101 0.446641 122 76
P 54 0 0.726094 0.658777 0.484441 0.689832 0.732114 0.486122 98 114
P 55 0 0.639281 0.717768 0.595209 0.599531 0.756542 0.531881 96 118
P 56 0 0.637858 0.795164 0.589011 0.663385 0.83402 0.652969 60 54
P 57 0 0.992406 0.144122 0.229441 0.996794 0.214039 0.201253 173 181
P 58 0 0.911873 0.616295 0.719476 0.964186 0.671097 0.740484 110 29
P 59 0 0.0569416 0.296071 0.183256 0.0996646 0.30845 0.244761 89 154
P 60 0 0.704524 0.694797 0.465445 0.654623 0.635903 0.471622 114 118
P 61 0 0.591603 0.797382 0.626751 0.54035 0.753383 0.667436 179 164
P 62 0 0.905499 0.0963078 0.46568 0.899485 0.0768057 0.388814 35 126
P 63 0 0.907603 0.240771 0.48042 0.908875 0.167895 0.447813 35 23
P 64 0 0.878674 0.161784 0.181821 0.896658 0.216388 0.238972 197 175
P 65 0 0.850055 0.653234 0.593067 0.868751 0.685339 0.666603 190 196
P 66 0 0.930957 0.350738 0.115012 0.89862 0.320461 0.1806 65 135
P 67 0 0.562795 0.739451 0.577952 0.590523 0.797529 0.62745 142 179
P 68 0 0.909512 0.621811 0.540365 0.930045 0.687953 0.500494 190 59
P 69 0 0.980493 0.258897 0.145032 1.00253 0.302509 0.208522 150 172
P 70 0 0.110933 0.117728 0.372429 0.168028 0.171601 0.354119 186 180
P 71 0 0.635114 0.809723 0.725471 0.591931 0.790996 0.666529 78 77
P 72 0 0.679446 0.821159 0.610383 0.626923 0.762683 0.63405 60 96
P 73 0 0.925743 0.190299 0.388344 0.957037 0.19162 0.31787 122 158
P 74 0 0.161945 0.873301 0.252756 0.0871607 0.893864 0.267751 28 66
P 75 0 0.960698 0.18667 0.323045 0.959647 0.150752 0.252815 158 173
P 76 0 0.663375 0.834023 0.65297 0.644016 0.902947 0.616031 54 127
P 77 0 0.955951 0.163319 0.166983 0.893818 0.198542 0.149204 53 150
P 78 0 0.195833 0.941652 0.379428 0.155116 0.97328 0.31803 70 177
P 79 0 0.17059 0.406234 0.742467 0.17059 0.406234 0.742467 5 -1
P 80 0 0.118311 0.937948 0.208812 0.137884 0.978353 0.275995 14 133
P 81 0 0.484617 0.687268 0.726952 0.512786 0.677007 0.797977 52 108
P 82 0 0.92545 0.693266 0.601317 0.873163 0.641021 0.572584 196 190
P 83 0 0.886119 0.601239 0.615702 0.900863 0.626383 0.548032 41 190
P 84 0 0.736388 0.2953 0.305789 0.768 0.367536 0.28232 56 184
P 85 0 0.807898 0.530656 0.600783 0.827525 0.580591 0.657657 110 105
P 86 0 0.141151 0.0403658 0.314108 0.0713798 0.0202105 0.302105 186 116
P 87 0 0.910012 0.209819 0.148425 0.904794 0.19904 0.223038 150 175
P 88 0 0.6476 0.788365 0.704149 0.644278 0.719218 0.738612 78 22
P 89 0 0.942132 0.143104 0.137017 0.863113 0.14984 0.13043 53 83
P 90 0 0.947733 0.242246 0.211685 0.922072 0.252507 0.135266 115 189
P 91 0 0.192981 0.94182 0.380029 0.153637 0.965759 0.3169 70 177
P 92 0 0.780456 0.785537 0.506588 0.739491 0.759876 0.444546 146 32
P 93 0 0.56257 0.739772 0.578211 0.633055 0.740397 0.614778 142 96
P 94 0 0.910412 0.775708 0.589219 0.988825 0.796551 0.60147 117 61
P 95 0 0.689411 0.733184 0.486715 0.618432 0.715152 0.511207 114 118
P 96 0 0.131784 0.0019433 0.15034 0.166225 0.0618083 0.179276 36 188
P 97 0 0.558006 0.808097 0.7091 0.620579 0.785741 0.653989 7 96
P 98 0 0.903192 0.264431 0.241749 0.887603 0.335779 0.225415 158 135
P 99 0 0.868435 0.115613 0.308044 0.927211 0.157316 0.275958 126 173
P 100 0 0.732625 0.768084 0.718977 0.700241 0.835241 0.706454 152 0
P 101 0 0.964945 0.180926 0.32905 0.972578 0.219017 0.395411 158 76
P 102 0 0.898134 0.783751 0.558163 0.903071 0.716907 0.598155 117 137
P 103 0 0.460506 0.83188 0.805018 0.424553 0.82019 0.734746 157 179
P 104 0 0.933819 0.116149 0.305191 0.926255 0.190884 0.282579 99 97
P 105 0 0.499155 0.822345 0.609209 0.49961 0.809942 0.686223 100 179
P 106 0 0.134705 0.821077 0.176708 0.149524 0.887321 0.217337 69 14
P 107 0 0.0714214 1.02011 0.30357 0.0566715 0.962377 0.250031 116 133
P 108 0 0.897066 0.675968 0.571418 0.887328 0.687936 0.645213 120 196
P 109 0 0.557049 0.759962 0.762686 0.631467 0.789068 0.741913 140 33
P 110 0 0.127418 0.923176 0.211299 0.135504 0.947472 0.288511 14 28
P 111 0 0.502854 0.713384 0.724584 0.573035 0.678357 0.728471 140 195
P 112 0 0.908305 0.288942 0.485335 0.955698 0.236835 0.449931 35 23
P 113 0 0.127859 0.94171 0.325891 0.12343 1.0142 0.361586 84 66
P 114 0 0.819896 0.622169 0.660562 0.867233 0.685127 0.668352 182 196
P 115 0 1.00287 0.166223 0.169107 0.93186 0.141337 0.170038 181 175
P 116 0 0.982411 0.202026 0.224362 1.00348 0.161415 0.165874 53 181
P 117 0 0.481709 0.682624 0.723126 0.42009 0.644956 0.695422 52 4
P 118 0 0.953013 0.232881 0.449809 0.946296 0.156521 0.427205 23 122
P 119 0 0.631221 0.737198 0.716069 0.688531 0.708963 0.672457 38 26
P 120 0 0.53481 0.743496 0.813057 0.53544 0.779684 0.74751 176 33
P 121 0 0.130748 0.0670002 0.334187 0.14335 0.137807 0.379503 186 180
P 122 0 0.720332 0.782177 0.730374 0.671531 0.830564 0.68596 152 93
P 123 0 0.191245 0.941922 0.380395 0.148956 0.941956 0.313323 70 177
P 124 0 0.905392 0.0889976 0.464934 0.95615 0.103821 0.406641 35 191
P 125 0 0.784931 0.706267 0.702801 0.805929 0.676554 0.63218 41 190
P 126 0 0.922769 0.160719 0.18784 0.983982 0.204323 0.227767 175 53
P 127 0 0.856504 0.674136 0.52348 0.917212 0.713898 0.487137 137 32
P 128 0 0.0205154 0.191392 0.259811 0.06448 0.125118 0.275946 154 141
P 129 0 0.515176 0.753762 0.81511 0.540565 0.682562 0.837146 176 88
P 130 0 0.632478 0.684396 0.495844 0.591936 0.722326 0.441608 118 167
P 131 0 0.848225 0.682469 0.690238 0.823578 0.667226 0.616535 196 190
P 132 0 0.204177 0.189932 0.742162 0.165092 0.134221 0.704449 192 178
P 133 0 0.951567 0.240382 0.219714 1.02357 0.252719 0.227877 115 172
P 134 0 0.865126 0.737622 0.544711 0.890421 0.679575 0.58858 80 120
P 135 0 0.428454 0.800372 0.852064 0.388475 0.736233 0.828809 198 108
P 136 0 0.00213237 0.0146348 0.349547 0.0380564 0.0634879 0.405663 12 141
P 137 0 1.0099 0.14058 0.216957 0.953942 0.160379 0.162625 173 53
P 138 0 0.918511 0.280459 0.18543 0.951472 0.260967 0.122815 97 189
P 139 0 0.906229 0.146421 0.470793 0.90636 0.161135 0.392875 35 191
P 140 0 0.0289334 0.136729 0.203378 -0.0237356 0.193034 0.211033 173 53
P 141 0 0.159035 0.10984 0.364163 0.165075 0.0271107 0.375606 169 84
P 142 0 0.644666 0.69051 0.641576 0.586745 0.743564 0.643764 77 7
P 143 0 0.469085 0.873597 0.686218 0.43284 0.819059 0.729388 142 179
P 144 0 0.63816 0.835957 0.0586393 0.63816 0.835957 0.0586393 -1 138
P 145 0 0.922379 0.665701 0.426597 0.844335 0.674056 0.436694 16 119
P 146 0 0.61599 0.787556 0.742815 0.68996 0.816997 0.758532 33 152
P 147 0 0.587736 0.741339 0.641511 0.637804 0.692958 0.680419 7 26
P 148 0 0.656431 0.816957 0.533132 0.716948 0.830294 0.480709 114 167
P 149 0 0.0785547 0.0983754 0.212723 0.146233 0.0662925 0.200621 169 36
P 150 0 0.652648 0.675302 0.6378 0.712913 0.676637 0.59261 77 78
P 151 0 0.96749 0.149164 0.247219 0.925631 0.154616 0.182234 173 175
P 152 0 0.117597 0.99485 0.346495 0.159474 0.94379 0.387094 66 70
P 153 0 0.899278 0.0770638 0.388277 0.864365 0.064021 0.314531 126 82
P 154 0 0.413295 0.821727 0.742024 0.467387 0.825826 0.796668 179 157
P 155 0 0.443667 0.791152 0.822585 0.424294 0.863735 0.848961 176 157
P 156 0 0.887379 0.681227 0.596438 0.823096 0.721651 0.616463 120 194
P 157 0 0.87897 0.16708 0.31038 0.882836 0.0976139 0.345506 173 126
P 158 0 0.993303 0.220085 0.307138 0.92364 0.23678 0.270657 115 158
P 159 0 0.141315 0.931172 0.280653 0.186473 0.987911 0.291529 28 133
P 160 0 0.918967 0.634491 0.431785 0.881657 0.698205 0.456159 16 98
P 161 0 0.995244 0.226237 0.209453 0.922831 0.230487 0.239627 181 97
P 162 0 0.124733 0.0185273 0.364958 0.183037 0.0683317 0.399602 66 84
P 163 0 0.0763993 0.0980684 0.208668 0.068078 0.0281446 0.185874 169 116
P 164 0 0.886502 0.193447 0.149556 0.875319 0.1159 0.172977 150 147
P 165 0 0.631072 0.687474 0.497382 0.588155 0.719061 0.440425 118 167
P 166 0 0.343109 0.847049 0.878064 0.410822 0.875586 0.865309 198 157
P 167 0 0.700057 0.689554 0.702929 0.651464 0.65016 0.656771 38 182
P 168 0 0.843749 0.159347 0.22916 0.881863 0.121719 0.168297 62 147
P 169 0 0.765579 0.733274 0.660364 0.746877 0.745766 0.735556 26 41
P 170 0 0.14403 1.033 0.308553 0.109015 0.966375 0.324292 186 66
P 171 0 0.928115 0.688007 0.500422 0.855505 0.673218 0.521877 59 137
P 172 0 0.0592534 0.962885 0.250856 0.121902 0.932124 0.209793 133 14
P 173 0 1.00204 0.218818 0.483804 0.966998 0.208719 0.413655 3 76
P 174 0 0.965868 0.233427 0.249671 0.887124 0.236714 0.257641 115 175
P 175 0 1.00553 0.128374 0.42617 0.932769 0.130735 0.400177 31 191
P 176 0 0.951554 0.14788 0.437147 1.00978 0.0983416 0.448032 122 31
P 177 0 0.863594 0.211358 0.150565 0.819723 0.146947 0.15277 13 150
P 178 0 0.883427 0.0968758 0.347042 0.91023 0.156681 0.393945 126 191
P 179 0 0.492808 0.765458 0.817448 0.484369 0.690546 0.805026 176 108
P 180 0 0.939481 0.16772 0.41432 0.984528 0.107153 0.385772 122 82
P 181 0 0.512926 0.674275 0.846653 0.536942 0.742382 0.812835 88 176
P 182 0 0.500483 0.828651 0.649942 0.480619 0.772983 0.598657 142 100
P 183 0 0.556844 0.759785 0.762542 0.633114 0.758755 0.771864 140 195
P 184 0 0.861703 0.718028 0.729588 0.80439 0.68607 0.686051 161 41
P 185 0 0.870603 0.111545 0.446082 0.920223 0.0508871 0.442758 23 126
P 186 0 0.756521 0.735755 0.727255 0.723711 0.673183 0.698413 41 38
P 187 0 0.953646 0.196205 0.313077 0.924379 0.19254 0.385765 158 122
P 188 0 0.941329 0.67994 0.625348 0.87136 0.685704 0.6636 161 196
P 189 0 0.912816 0.149242 0.146163 0.909553 0.188895 0.213719 147 175
P 190 0 0.570596 0.713921 0.776456 0.498213 0.708982 0.744843 17 52
P 191 0 0.0791197 0.199175 0.43383 0.0207423 0.235436 0.466224 186 3
P 192 0 0.178923 0.986426 0.289115 0.149546 0.990826 0.217705 133 153
P 193 0 0.836851 0.652377 0.65811 0.899575 0.689649 0.631111 41 196
P 194 0 0.703881 0.696431 0.46635 0.709251 0.7677 0.437299 114 32
P 195 0 0.896384 0.689203 0.634786 0.91608 0.615145 0.6299 196 102
P 196 0 0.313144 0.630512 0.842937 0.371206 0.631784 0.895395 6 88
P 197 0 0.542651 0.733013 0.655466 0.520112 0.800551 0.627264 164 142
P 198 0 0.142657 0.0503653 0.188176 0.103699 0.0644928 0.121215 36 188
P 199 0 0.018486 0.0320668 0.423875 0.0459555 0.081912 0.366885 191 141
P 200 0 0.650272 0.783794 0.699586 0.720058 0.82467 0.686036 78 0
P 201 0 0.984395 1.00363 0.36844 0.970623 0.954893 0.426913 12 70
P 202 0 0.537583 0.775542 0.60708 0.513059 0.808106 0.677528 142 179
P 203 0 0.518814 0.727101 0.735805 0.558991 0.668091 0.69279 140 26
P 204 0 0.87404 0.696274 0.457544 0.928654 0.658822 0.489839 98 120
P 205 0 0.0480078 0.252595 0.16501 0.00571935 0.294967 0.211454 89 172
P 206 0 0.126864 0.924076 0.211148 0.0793968 0.868104 0.247665 14 66
P 207 0 0.917287 0.294503 0.104662 0.943862 0.233389 0.146796 135 150
P 208 0 0.953105 0.18308 0.459079 1.00032 0.165256 0.399322 76 31
P 209 0 0.00142572 0.157414 0.405031 0.0116207 0.211177 0.345508 31 115
P 210 0 0.877521 0.104257 0.33168 0.842378 0.174486 0.336488 126 173
P 211 0 0.123717 0.085 0.347757 0.166878 0.0312489 0.378015 186 84
P 212 0 0.770928 0.738285 0.53707 0.803516 0.743312 0.45989 146 32
P 213 0 0.986944 0.282839 0.451344 0.908187 0.280857 0.484511 23 35
P 214 0 0.900267 0.155221 0.447424 0.968314 0.120336 0.468835 23 122
P 215 0 0.605504 0.865756 0.603431 0.649517 0.834517 0.542862 127 114
P 216 0 0.912601 0.211896 0.363496 0.930885 0.137336 0.340653 122 97
P 217 0 0.010285 0.284162 0.215654 0.0830092 0.283817 0.247928 172 154
P 218 0 0.360619 0.919749 0.926231 0.319095 0.987348 0.927054 157 79
P 219 0 0.5181 0.740743 0.771011 0.502855 0.796438 0.71722 52 101
P 220 0 0.352973 0.145477 0.666248 0.352973 0.145477 0.666248 178 -1
P 221 0 0.766256 0.752952 0.45096 0.774388 0.755444 0.526001 32 146
P 222 0 0.842317 0.0561068 0.301459 0.8855 0.0942846 0.352435 82 126
P 223 0 0.931941 0.125114 0.353908 0.868983 0.114928 0.309471 97 126
P 224 0 0.139925 0.0381998 0.17867 0.0690355 0.0258438 0.219579 36 116
P 225 0 0.558379 0.867708 0.663742 0.582215 0.843266 0.595813 54 127
P 226 0 0.917744 0.71376 0.487265 0.92255 0.667268 0.426337 32 16
P 227 0 0.178704 0.942659 0.383039 0.146495 0.929441 0.311443 70 177
P 228 0 -0.0124427 0.337948 0.194747 0.0664659 0.34242 0.202707 172 89
P 229 0 0.871314 0.741896 0.538332 0.893531 0.677887 0.580549 80 120
P 230 0 0.696017 0.642756 0.657773 0.676407 0.705924 0.707444 182 38
P 231 0 0.812979 0.263968 1.01134 0.830138 0.314394 0.955626 13 92
P 232 0 0.635498 0.761945 0.773585 0.649733 0.784716 0.700506 195 78
P 233 0 0.90854 0.161095 0.289281 0.908904 0.190279 0.214991 173 175
P 234 0 0.965055 0.686975 0.501796 0.939488 0.626 0.463404 59 119
P 235 0 0.524231 0.750534 0.779078 0.52956 0.685587 0.735669 52 17
P 236 0 0.895541 0.0817349 0.378555 0.918109 0.122129 0.314424 126 99
P 237 0 0.143776 0.924268 0.277325 0.15646 0.876069 0.219231 28 14
P 238 0 0.655386 0.775044 0.690851 0.622922 0.841239 0.723714 78 93
P 239 0 0.952932 0.239706 0.146359 0.954672 0.238872 0.226219 150 115
P 240 0 0.898061 0.675428 0.568849 0.863063 0.689825 0.498002 120 59
P 241 0 0.883182 0.722702 0.478982 0.871025 0.687473 0.546766 32 137
P 242 0 0.0205485 0.191441 0.259805 0.00443107 0.214673 0.330448 154 115
P 243 0 0.926509 0.189039 0.389793 0.947164 0.114165 0.404156 122 191
P 244 0 0.596567 0.785657 0.743947 0.536133 0.79071 0.68937 33 164
P 245 0 0.875073 0.412672 0.958891 0.905529 0.326746 0.949108 65 92
P 246 0 0.496895 0.775917 0.749757 0.480753 0.774208 0.674042 33 101
P 247 0 0.0441028 0.256198 0.444261 0.106767 0.242787 0.493111 3 27
P 248 0 0.890316 0.679632 0.588851 0.883454 0.604005 0.617996 120 41
P 249 0 0.610105 0.777816 0.574748 0.641992 0.707914 0.586688 60 96
P 250 0 0.0194424 0.0309658 0.424139 0.0146639 -0.020607 0.487589 191 107
P 251 0 0.150993 0.0151711 0.295114 0.126132 0.0231674 0.368576 186 66
P 252 0 0.801891 0.13453 0.153629 0.854259 0.0971731 0.188037 150 147
P 253 0 0.753135 0.633264 0.659059 0.70125 0.574897 0.649988 182 91
P 254 0 0.919808 0.265457 0.201701 0.911036 0.303195 0.13009 97 135
P 255 0 0.102853 0.194954 0.728566 0.148204 0.13321 0.707883 192 178
P 256 0 0.945684 0.243242 0.207393 1.02584 0.247357 0.229961 115 172
P 257 0 0.482899 0.774549 0.750572 0.558974 0.761616 0.76404 33 140
P 258 0 0.118247 0.335932 0.241227 0.0787865 0.402378 0.22787 154 89
P 259 0 0.101092 0.142924 0.391424 0.173251 0.111866 0.390913 186 169
P 260 0 0.131705 0.00159209 0.150066 0.172922 0.0615207 0.185495 36 188
P 261 0 0.770503 0.630378 0.65945 0.831387 0.589741 0.694171 182 105
P 262 0 0.141107 0.902036 0.307324 0.166504 0.86051 0.24659 177 28
P 263 0 0.496058 0.789602 0.703942 0.428413 0.819663 0.732251 101 179
P 264 0 0.952666 0.687321 0.501335 0.980945 0.660991 0.573487 59 161
P 265 0 0.592275 0.772431 0.539817 0.645868 0.811414 0.500879 118 199
P 266 0 0.907886 0.260214 0.482404 0.979033 0.271191 0.450986 35 23
P 267 0 0.796707 0.0459972 0.229193 0.87314 0.0559685 0.230675 147 62
P 268 0 0.535175 0.778989 0.609862 0.569196 0.78297 0.68366 142 7
P 269 0 0.6994 0.699753 0.615686 0.651317 0.674022 0.55738 78 96
P 270 0 0.896336 0.355771 0.0538017 0.825829 0.324948 0.0184572 25 67
P 271 0 0.715394 0.639536 0.65821 0.661477 0.700427 0.676704 182 26
P 272 0 0.623574 0.745987 0.764973 0.559522 0.730575 0.810474 195 176
P 273 0 0.890339 0.28181 0.22358 0.876959 0.350579 0.268713 158 135
P 274 0 0.153473 0.964925 0.316775 0.150894 0.9043 0.267699 177 28
P 275 0 0.864917 0.716491 0.72538 0.793079 0.69781 0.695788 161 41
P 276 0 0.992331 0.144137 0.229494 0.942133 0.102337 0.184558 173 197
P 277 0 0.123751 0.932283 0.320403 0.159315 0.943799 0.387128 84 70
P 278 0 0.140097 0.0128131 0.245628 0.138707 0.0327753 0.174431 153 36
P 279 0 0.980862 0.199759 0.221002 0.932555 0.249627 0.179891 53 115
P 280 0 0.911684 0.213402 0.361763 0.973611 0.169209 0.3413 122 158
P 281 0 0.792622 0.845875 0.467664 0.862343 0.807197 0.467635 146 117
P 282 0 0.647993 0.787691 0.703477 0.6576 0.724388 0.751641 78 22
P 283 0 0.972694 0.148111 0.243505 0.92441 0.157219 0.184625 173 175
P 284 0 0.139679 0.968832 0.34168 0.206007 0.941054 0.377283 84 70
P 285 0 0.950734 0.240787 0.21797 0.999544 0.192395 0.186702 115 181
P 286 0 0.921354 0.247577 0.221092 0.990007 0.213137 0.240833 97 53
P 287 0 0.855947 0.0986732 0.186831 0.878307 0.037793 0.230942 147 62
P 288 0 0.917467 0.620773 0.434065 0.924384 0.66114 0.500866 16 120
P 289 0 0.906112 0.136081 0.183004 0.874981 0.176482 0.126921 197 83
P 290 0 0.750775 0.692963 0.493824 0.823881 0.683561 0.466663 59 98
P 291 0 0.710827 0.680207 0.596173 0.671048 0.611279 0.581861 78 171
P 292 0 0.977413 0.0793456 0.412519 0.927237 0.0421198 0.461006 191 126
P 293 0 -0.0269841 -0.00343729 0.380559 0.0303931 0.0183605 0.427167 12 191
P 294 0 0.911371 0.101711 0.51798 0.888376 0.137714 0.446886 159 23
P 295 0 0.894421 0.70144 0.453839 0.957251 0.687193 0.501506 98 59
P 296 0 0.0377976 0.00983714 0.429214 0.0209074 0.0196257 0.505333 191 31
P 297 0 0.853022 0.394994 0.563077 0.878984 0.451515 0.605082 123 90
P 298 0 0.690378 0.709546 0.672167 0.744461 0.754515 0.708004 26 152
P 299 0 0.926369 0.765255 0.629579 0.920902 0.689711 0.65209 117 161
P 300 0 0.890768 0.679387 0.587685 0.872079 0.742424 0.537544 120 80
P 301 0 0.884417 0.698905 0.455658 0.946759 0.648995 0.443081 98 120
P 302 0 0.926208 0.153387 0.181106 0.961859 0.0838579 0.185409 175 197
P 303 0 0.539343 0.873815 0.665695 0.513962 0.809355 0.63437 54 142
P 304 0 0.486335 0.779823 0.684947 0.554212 0.816617 0.717726 101 7
P 305 0 0.860572 0.665855 0.441252 0.916408 0.61108 0.435676 119 16
P 306 0 0.720972 0.675079 0.698936 0.647429 0.695995 0.678909 38 26
P 307 0 0.575244 0.775599 0.775478 0.561529 0.800188 0.701092 140 7
P 308 0 0.857941 0.39741 0.565397 0.844965 0.473232 0.589274 123 90
P 309 0 0.979538 0.661664 0.575329 0.917448 0.692148 0.610531 161 196
P 310 0 0.444388 0.653726 0.870225 0.44831 0.707726 0.813969 88 108
P 311 0 0.125012 0.971783 0.126774 0.155529 0.976905 0.200025 36 153
P 312 0 0.691741 0.695311 0.704516 0.763044 0.728986 0.721641 38 41
P 313 0 0.580058 0.712068 0.437892 0.621214 0.709061 0.508164 167 118
P 314 0 0.883178 0.707756 0.701475 0.900592 0.689791 0.62994 161 196
P 315 0 0.839263 0.476871 0.586625 0.871148 0.403898 0.571625 90 123
P 316 0 0.0964425 0.947496 0.400384 0.149416 0.991178 0.354688 70 84
P 317 0 0.893393 0.217817 0.121476 0.849758 0.188872 0.180573 83 197
P 318 0 0.529125 0.852752 0.725829 0.489279 0.844689 0.662887 164 142
P 319 0 0.461174 0.884922 0.695358 0.526633 0.874821 0.738797 142 164
P 320 0 0.845485 0.352832 0.32455 0.77164 0.330173 0.321173 130 148
P 321 0 0.959074 0.188865 0.320751 1.02106 0.206586 0.365281 158 115
P 322 0 0.848097 0.349902 0.32739 0.90831 0.315938 0.288596 130 184
P 323 0 0.129764 0.0695194 0.336086 0.129211 0.118445 0.394047 186 180
P 324 0 0.744642 0.854212 0.489371 0.675901 0.819465 0.50875 167 199
P 325 0 0.0188332 0.952058 0.416748 0.0607328 1.00221 0.464555 70 107
P 326 0 0.606911 0.77582 0.573106 0.649942 0.833439 0.542265 60 114
P 327 0 0.761739 0.570804 0.642089 0.718928 0.638949 0.658289 50 182
P 328 0 0.511387 0.854919 0.616172 0.464816 0.897724 0.673341 100 54
P 329 0 0.953051 0.0958544 0.367111 0.976053 0.165907 0.344753 82 158
P 330 0 0.884139 0.687491 0.648885 0.851614 0.616898 0.661276 196 182
P 331 0 0.919612 0.26772 0.199246 0.875285 0.199207 0.182723 97 13
P 332 0 0.00143329 0.813584 0.331083 0.0645273 0.86691 0.327178 168 69
P 333 0 0.52927 0.85147 0.725075 0.537152 0.804816 0.661953 164 179
P 334 0 0.0246481 1.02497 0.425578 -0.00196465 0.953281 0.421133 191 70
P 335 0 0.0241471 0.028299 0.326099 0.0737401 0.0145387 0.385194 12 116
P 336 0 0.00842485 0.0185405 0.342845 0.0399809 0.0679767 0.396215 12 141
P 337 0 0.964416 0.247702 0.145806 0.99863 0.199582 0.191534 150 181
P 338 0 0.919792 0.26564 0.201502 0.99484 0.229413 0.211589 97 181
P 339 0 0.0841067 0.299258 0.110885 0.0498094 0.261362 0.168689 25 89
P 340 0 0.069669 1.00664 0.460087 0.0470161 0.950401 0.410806 107 70
P 341 0 0.935208 0.132975 0.122001 0.904058 0.205673 0.148711 53 150
P 342 0 0.0038654 0.814413 0.337619 0.0648165 0.866721 0.326558 168 69
P 343 0 0.610442 0.526916 0.14325 0.631126 0.497865 0.0715367 72 109
P 344 0 0.135525 0.910026 0.213514 0.0831475 0.880549 0.257368 14 66
P 345 0 0.0246188 0.951718 0.415528 0.0485062 0.996154 0.470668 70 107
P 346 0 0.0911548 0.10017 0.236433 0.0582466 0.11058 0.306547 169 141
P 347 0 0.858182 0.667063 0.440581 0.802971 0.691504 0.495766 119 59
P 348 0 1.01358 0.952367 0.417855 0.937686 0.974634 0.418189 70 12
P 349 0 0.839871 0.658616 0.602094 0.909922 0.691095 0.619197 190 196
P 350 0 0.584705 0.859262 0.661041 0.532304 0.824614 0.709294 54 164
P 351 0 0.681511 0.82245 0.611444 0.649721 0.833999 0.542575 60 114
P 352 0 0.960729 0.810422 0.663619 0.919559 0.769716 0.612354 194 117
P 353 0 0.412649 0.73686 0.870014 0.430551 0.79801 0.823956 10 176
P 354 0 0.818503 0.559215 0.572357 0.761538 0.574097 0.627938 105 50
P 355 0 0.0987198 0.101248 0.250668 0.0692056 0.0254351 0.225567 169 116
P 356 0 0.717815 0.668252 0.584239 0.724335 0.63805 0.658411 78 182
P 357 0 0.884728 0.687573 0.648206 0.822241 0.721099 0.61617 196 194
P 358 0 0.128423 0.945615 0.393641 0.157044 1.00868 0.364879 70 84
P 359 0 0.524606 0.892763 0.74934 0.545989 0.839821 0.801485 164 101
P 360 0 0.966863 0.12272 0.466093 1.00131 0.158197 0.40446 122 31
P 361 0 0.979665 0.101681 0.490298 0.905829 0.118974 0.467992 122 35
P 362 0 0.645671 0.791664 0.707443 0.578504 0.81658 0.672882 78 77
P 363 0 0.862012 0.746751 0.629796 0.895223 0.701994 0.685707 194 161
P 364 0 0.928052 0.688009 0.500419 0.921975 0.662007 0.427211 59 16
P 365 0 0.924909 0.709168 0.448296 0.920802 0.663084 0.510119 98 120
P 366 0 0.167469 0.111042 0.380031 0.104978 0.0852608 0.418974 169 180
P 367 0 0.208073 0.99216 0.298435 0.136572 0.944475 0.287066 133 28
P 368 0 -0.00865008 0.328973 0.198236 0.055643 0.289751 0.180603 172 89
P 369 0 0.319343 0.652746 0.783573 0.368599 0.593321 0.766134 4 6
P 370 0 0.526548 0.875574 0.739239 0.468842 0.873945 0.686499 164 142
P 371 0 0.554789 0.750911 0.587201 0.565859 0.800897 0.643394 142 179
P 372 0 0.144692 0.895157 0.216017 0.140123 0.934516 0.282265 14 28
P 373 0 0.729352 0.904861 0.703603 0.687359 0.842114 0.719728 49 0
P 374 0 0.50787 0.845551 0.614169 0.47474 0.894541 0.672322 100 54
P 375 0 0.629227 0.754533 0.453272 0.607512 0.739064 0.523151 167 118
P 376 0 0.700967 0.804378 0.748327 0.677903 0.732269 0.771499 152 22
P 377 0 0.137904 0.94074 0.285265 0.131928 0.915861 0.212531 28 14
P 378 0 0.823769 0.386233 0.38544 0.864622 0.331372 0.345351 148 130
P 379 0 0.531026 0.784928 0.614655 0.513274 0.859944 0.617246 142 100
P 380 0 0.222328 0.659491 0.602805 0.289142 0.685125 0.639556 103 94
P 381 0 0.0251569 0.121737 0.409861 0.0135658 0.0715506 0.467535 82 31
P 382 0 0.626541 0.697396 0.502338 0.679953 0.757209 0.500027 118 114
P 383 0 0.877238 0.197176 0.188095 0.878198 0.118459 0.170919 13 147
P 384 0 0.63917 0.652203 0.656494 0.700745 0.646756 0.607418 182 171
P 385 0 0.0470995 0.230782 0.0812937 0.0466774 0.24612 0.162293 124 89
P 386 0 0.930158 0.736861 0.414769 0.878951 0.723796 0.477968 16 32
P 387 0 0.658762 0.648947 0.656935 0.713509 0.680244 0.700361 182 38
P 388 0 0.306677 -0.0181016 0.906527 0.242189 0.0265395 0.89018 79 151
P 389 0 0.899481 0.233458 0.33869 0.92546 0.200086 0.272598 122 97
P 390 0 0.596808 0.680023 0.686854 0.587428 0.742031 0.642211 26 7
P 391 0 0.822138 0.148628 0.152654 0.844573 0.0885602 0.194964 150 147
P 392 0 0.0860026 0.0582266 0.215754 0.131252 0.0633098 0.146801 99 188
P 393 0 0.652611 0.669316 0.553311 0.614207 0.724405 0.515828 96 118
P 394 0 0.681606 0.702325 0.706451 0.692685 0.64331 0.657698 38 182
P 395 0 0.152153 0.0926591 0.221222 0.134561 0.0256942 0.261986 36 153
P 396 0 0.148297 0.0754879 0.207805 0.130428 0.0353116 0.2742 36 153
P 397 0 0.62908 0.806914 0.496479 0.578793 0.801954 0.554564 199 118
P 398 0 0.686814 0.708421 0.672727 0.747805 0.750682 0.704904 26 152
P 399 0 0.760066 0.5983 0.523929 0.816478 0.554417 0.553211 50 105
