200 
 9.800000
C 0 0.0125 0.69987989 0.43856275 0.058953798 0.8429142 0.23521728 0.085255991 -1
C 1 0.0125 0.025096342 0.8423914 0.90961166 -0.00079639146 0.64248283 0.76173966 -1
C 2 0.0125 0.30190961 0.45039566 0.46827529 0.50385672 0.44077574 0.6153291 -1
C 3 0.0125 0.941804 0.7420563 0.12439145 0.96222088 0.92249611 0.29621877 -1
C 4 0.0125 0.38258989 0.60138487 0.46126109 0.51708855 0.79995995 0.53181638 -1
C 5 0.0125 0.33047873 0.26788523 0.61487716 0.52181875 0.37158062 0.73790669 -1
C 6 0.0125 0.64881643 0.65677574 0.1760988 0.78472259 0.54844038 -0.0036036279 -1
C 7 0.0125 0.36031735 0.75500879 0.89184228 0.21236072 0.61313013 0.74873644 -1
C 8 0.0125 0.67049069 0.8153597 0.63305507 0.79424291 0.99282575 0.50779061 -1
C 9 0.0125 0.17935957 0.53399818 0.25443845 0.35446267 0.37892271 0.16617461 -1
C 10 0.0125 0.13290766 0.81160156 0.3224832 0.1476789 1.0610626 0.3153429 -1
C 11 0.0125 -0.056220339 0.8956493 0.36928075 0.11329351 0.90154764 0.55293876 -1
C 12 0.0125 0.21977414 0.27630871 0.49672762 0.012907392 0.28191584 0.63699419 -1
C 13 0.0125 0.86366346 0.49689814 0.018480029 0.89946313 0.72801713 0.10681122 -1
C 14 0.0125 0.30444228 0.082655555 0.53076161 0.10022385 0.22366164 0.56096287 -1
C 15 0.0125 0.33668351 -0.0012686426 0.87436058 0.30427911 0.24476258 0.9046689 -1
C 16 0.0125 0.49124795 0.25326356 0.00083484759 0.43467071 0.096574296 0.18724163 -1
C 17 0.0125 0.90361005 0.61256922 0.23059696 0.82378218 0.81761165 0.11191624 -1
C 18 0.0125 0.57643367 1.066162 0.33521119 0.61267344 0.84567485 0.44733657 -1
C 19 0.0125 0.32948801 0.90249278 0.30057673 0.42814514 0.71475655 0.43294696 -1
C 20 0.0125 0.23282716 0.0033688412 0.6821432 0.34772359 0.018266451 0.4606102 -1
C 21 0.0125 0.88635304 0.6772026 0.12296163 0.90358823 0.90929175 0.21427193 -1
C 22 0.0125 0.95386318 0.51490763 0.89293849 0.76894758 0.68029251 0.92382637 -1
C 23 0.0125 0.13091875 0.20634294 1.0827812 -0.017773039 0.13770758 0.89388983 -1
C 24 0.0125 0.25922901 0.54102744 0.27116461 0.39188894 0.34336923 0.1947933 -1
C 25 0.0125 0.70685546 0.59461061 0.054544373 0.79753697 0.82511447 0.088379782 -1
C 26 0.0125 0.79803786 0.95394189 0.37825279 1.0408807 0.92796256 0.43166076 -1
C 27 0.0125 0.33183461 0.63845074 0.73468095 0.1720666 0.825145 0.68864366 -1
C 28 0.0125 0.64367674 0.86496027 0.75517426 0.76213955 0.99999491 0.58130013 -1
C 29 0.0125 0.15165718 0.74823868 0.55625518 0.31342098 0.73305988 0.74626064 -1
C 30 0.0125 0.21093168 1.0095137 0.49421054 0.39211438 0.92083337 0.64188799 -1
C 31 0.0125 0.74159566 0.31256728 0.34978741 0.92553384 0.48125495 0.33525417 -1
C 32 0.0125 0.45919428 0.23984558 0.92782309 0.66542295 0.36854773 0.98617967 -1
C 33 0.0125 0.72375843 0.54819602 1.0387933 0.75618089 0.77945599 0.94953179 -1
C 34 0.0125 0.75360607 0.55128409 0.8816746 0.91148861 0.55974641 0.68802157 -1
C 35 0.0125 0.79638394 0.3187418 0.64100487 0.8000375 0.093746114 0.53208476 -1
C 36 0.0125 0.5691555 0.59157962 0.2079459 0.7211679 0.49248015 0.035982159 -1
C 37 0.0125 0.26777954 0.13231421 0.92277151 0.13760413 0.060151318 0.72190619 -1
C 38 0.0125 0.10785074 0.98350101 0.0047719819 0.031498916 0.80265183 0.15957499 -1
C 39 0.0125 1.0221321 0.66203037 0.75469687 0.89723462 0.85821965 0.84640499 -1
C 40 0.0125 0.82608423 0.33152944 0.12758114 0.90657619 0.17204774 -0.047309213 -1
C 41 0.0125 0.84891068 0.67720966 0.96157721 0.67446897 0.50768848 1.0193064 -1
C 42 0.0125 0.70483593 0.04593628 0.68937139 0.93037427 0.15261272 0.70526458 -1
C 43 0.0125 0.63087127 0.037963217 0.36382933 0.58604661 0.014463352 0.60865275 -1
C 44 0.0125 0.67423573 -0.022905922 0.3224544 0.78690466 0.1779588 0.41971218 -1
C 45 0.0125 0.69701247 0.8494356 0.72764274 0.82330958 0.67547648 0.60002119 -1
C 46 0.0125 0.76599455 0.87430138 0.67841511 1.004064 0.91659082 0.74193322 -1
C 47 0.0125 0.44412025 0.5200341 0.71179895 0.48092059 0.62816799 0.4894191 -1
C 48 0.0125 1.0087915 0.93558357 0.34272077 0.79685592 0.8445953 0.24626118 -1
C 49 0.0125 0.1800374 0.8957417 0.67957482 0.33920832 0.7459664 0.80095016 -1
C 50 0.0125 0.43139214 0.96447336 1.0338711 0.51679854 0.95446126 0.79912546 -1
C 51 0.0125 0.52926602 0.89989862 0.87176305 0.62081771 0.69534089 0.76097305 -1
C 52 0.0125 0.94897249 0.37300075 0.087273726 0.89924654 0.2355788 0.29010996 -1
C 53 0.0125 0.95991866 0.82145385 0.028367851 0.97368588 0.59815082 0.13993047 -1
C 54 0.0125 0.87909041 0.69623647 0.072969748 0.70253739 0.86241882 0.012039793 -1
C 55 0.0125 0.31149333 0.18709446 0.59493851 0.44902694 0.30451456 0.76755666 -1
C 56 0.0125 0.92190125 0.55998482 0.9244441 0.67838141 0.57392718 0.97925011 -1
C 57 0.0125 0.3730005 0.056368187 0.82777311 0.61695697 0.045299779 0.7742686 -1
C 58 0.0125 0.20409087 0.88691319 0.77397875 0.43149079 0.97380527 0.83089131 -1
C 59 0.0125 0.15340492 0.25680385 0.75518729 0.24948258 0.15656382 0.96308395 -1
C 60 0.0125 0.89199712 0.55970349 0.95997993 0.84027848 0.80090855 1.0005422 -1
C 61 0.0125 0.13309079 0.80647781 0.77543159 0.10383472 0.60827486 0.92496311 -1
C 62 0.0125 0.90354772 0.78795915 0.46958167 0.7574247 0.66628695 0.63188984 -1
C 63 0.0125 0.51785978 0.30496871 0.29384561 0.74929645 0.28543535 0.20134959 -1
C 64 0.0125 0.057293519 0.83805621 0.52984315 0.24205666 0.70601781 0.42530395 -1
C 65 0.0125 0.13845137 0.76585991 0.90303283 0.31576094 0.73519855 1.0765874 -1
C 66 0.0125 0.1647757 0.29821861 0.21277714 0.2836284 0.37616953 0.41844115 -1
C 67 0.0125 0.12487295 0.73069078 0.67472053 0.14567631 0.59435123 0.88323611 -1
C 68 0.0125 0.66835545 0.49036912 -0.047095249 0.88351363 0.54162603 0.069436666 -1
C 69 0.0125 0.33546957 0.3514694 0.33901547 0.13218052 0.35788913 0.19364578 -1
C 70 0.0125 1.0321425 0.64541034 0.63662643 0.79974049 0.73468751 0.65940571 -1
C 71 0.0125 0.91505297 0.50436925 0.56904764 0.92671781 0.56431554 0.81147366 -1
C 72 0.0125 0.6106779 0.14663362 0.61116573 0.85695468 0.1051837 0.59977935 -1
C 73 0.0125 0.68883425 0.31492021 0.54217316 0.74097957 0.25912883 0.78022397 -1
C 74 0.0125 0.55828044 0.34002647 0.39145088 0.61027971 0.10310861 0.45199842 -1
C 75 0.0125 0.26707988 0.46435056 0.43569017 0.053275275 0.4259386 0.5594323 -1
C 76 0.0125 0.11764815 0.45988781 0.44340168 0.19523216 0.59015137 0.2446251 -1
C 77 0.0125 0.1976522 0.71079406 0.56531689 0.31795938 0.58254879 0.38761115 -1
C 78 0.0125 0.77691317 0.65490962 0.95188252 0.80240981 0.90353388 0.94589112 -1
C 79 0.0125 0.1319126 0.74101099 0.2763527 0.083356933 0.66756563 0.042369524 -1
C 80 0.0125 0.21656884 0.90714434 0.60442867 0.115087 0.67992883 0.58045896 -1
C 81 0.0125 0.018058271 0.29116029 0.35551981 -0.015837043 0.096724436 0.50896625 -1
C 82 0.0125 0.20771439 0.5133032 0.32699317 -0.034287055 0.47608113 0.27649744 -1
C 83 0.0125 0.88682799 0.75861921 1.0028344 0.94009675 0.51468496 0.99024394 -1
C 84 0.0125 0.85770642 0.60971045 0.049474504 0.63299166 0.58738429 0.15673503 -1
C 85 0.0125 0.72965087 0.56254013 0.78261829 0.56874459 0.60108707 0.9700304 -1
C 86 0.0125 0.97637378 0.42335967 0.830308 0.80197643 0.32459857 0.68086969 -1
C 87 0.0125 0.26843 0.31102 0.82016796 0.16107339 0.11278414 0.71210731 -1
C 88 0.0125 1.0369791 0.084722764 0.40292399 0.80547137 -0.0076570643 0.38368486 -1
C 89 0.0125 0.87870688 0.78516562 0.24964151 1.107434 0.81525376 0.34596702 -1
C 90 0.0125 0.8747814 0.52111844 0.23092233 1.0345689 0.69599118 0.1510006 -1
C 91 0.0125 0.48907019 -0.017199357 0.41576362 0.45403159 0.22644881 0.3720845 -1
C 92 0.0125 0.92290324 0.83770028 0.95217756 0.95032314 0.58928326 0.95827122 -1
C 93 0.0125 0.22038032 0.13610058 0.94372657 -0.018351432 0.064137866 0.92560156 -1
C 94 0.0125 0.26728378 -0.039019714 -0.049546329 0.25615851 0.041341893 0.18692405 -1
C 95 0.0125 0.31202418 0.75862804 0.7185138 0.36465663 1.002443 0.73536915 -1
C 96 0.0125 0.90658933 0.6961024 0.80421457 0.76999165 0.6527282 1.0090554 -1
C 97 0.0125 0.6957416 0.43167682 0.16996048 0.9029775 0.54667866 0.090412652 -1
C 98 0.0125 0.44383762 0.73455712 0.34138711 0.60214486 0.7718934 0.53124184 -1
C 99 0.0125 0.16633435 0.39268751 0.57618602 0.39786027 0.47571749 0.62092716 -1
C 100 0.0125 0.017032065 0.67110334 0.61515106 0.14845471 0.74963709 0.41751367 -1
C 101 0.0125 0.20218081 0.93538132 0.55099734 0.37604673 0.85442902 0.71136369 -1
C 102 0.0125 0.74930021 0.33866744 0.93596743 0.85158253 0.53415707 0.81839987 -1
C 103 0.0125 0.33194158 0.23585554 0.22367146 0.50453759 0.39917511 0.14597117 -1
C 104 0.0125 0.71392312 0.81515783 0.18750071 0.67564488 0.71053543 -0.036304853 -1
C 105 0.0125 0.3470008 0.117607 0.11125693 0.49693485 0.017810545 -0.062122556 -1
C 106 0.0125 0.11357362 0.42831795 0.016430741 0.24013222 0.64205765 0.04468425 -1
C 107 0.0125 0.50545041 0.88511324 0.53338502 0.29709213 0.75012115 0.50399185 -1
C 108 0.0125 0.84992577 0.71609365 0.93807808 0.71066947 0.80437447 0.75015741 -1
C 109 0.0125 0.60163379 0.44705518 0.19260738 0.63017703 0.20315787 0.14570978 -1
C 110 0.0125 0.65492874 0.13611809 0.77774359 0.50199732 -0.0041486455 0.63832614 -1
C 111 0.0125 0.63097489 0.28081515 0.30049175 0.49328567 0.16545056 0.47436726 -1
C 112 0.0125 0.45593149 0.55201096 1.073853 0.30844155 0.55892658 0.87211335 -1
C 113 0.0125 0.057512369 0.085763021 0.81836093 0.19083635 0.27473798 0.72342315 -1
C 114 0.0125 0.91540474 0.86066867 1.0299063 0.88027003 0.64027016 0.91725622 -1
C 115 0.0125 0.93875942 0.62232519 0.10011697 0.9144863 0.82319046 0.24696368 -1
C 116 0.0125 0.71772905 0.52489395 0.091876 0.84516727 0.44447047 0.29135423 -1
C 117 0.0125 0.90713154 0.37837006 -0.024413759 0.97839651 0.60215554 0.061268008 -1
C 118 0.0125 0.8660151 0.68815201 0.91707191 0.8515799 0.90935718 1.0326569 -1
C 119 0.0125 0.3824313 1.0915219 0.97757667 0.26389571 0.88747322 0.89503293 -1
C 120 0.0125 0.86358364 0.85298194 0.24569657 0.78612061 0.6893326 0.073306404 -1
C 121 0.0125 0.39202198 0.82739718 0.86522379 0.37393241 1.0705774 0.92032483 -1
C 122 0.0125 0.66644905 0.24057164 0.20259771 0.63694169 0.11692042 -0.012668848 -1
C 123 0.0125 0.80602472 0.93055236 0.3454408 0.75425544 0.8003679 0.13838537 -1
C 124 0.0125 0.73671616 0.52425761 0.05184001 0.49740246 0.58698316 0.087818559 -1
C 125 0.0125 0.7906072 0.24952499 0.3516632 0.65245452 0.045247181 0.31062159 -1
C 126 0.0125 0.97226999 -0.010115204 0.25724333 0.99348462 0.23754924 0.23055511 -1
C 127 0.0125 0.034494734 0.8165236 0.41168818 0.0585691 0.79284028 0.65939673 -1
C 128 0.0125 0.46510065 0.48893345 0.64201006 0.52302069 0.6673295 0.80729804 -1
C 129 0.0125 0.67060948 -0.039437726 0.20841604 0.50472469 0.092627283 0.34085874 -1
C 130 0.0125 0.10071225 0.93410767 0.21902321 0.17624683 0.69768811 0.18901786 -1
C 131 0.0125 0.39074942 0.13806402 1.0321678 0.35176875 -0.075652883 0.90845202 -1
C 132 0.0125 0.95834709 0.52861387 0.23896955 0.80477785 0.33415392 0.20577589 -1
C 133 0.0125 -0.04931915 0.86643637 0.38787132 0.099326239 0.78870503 0.20250037 -1
C 134 0.0125 0.088235776 0.78705912 0.039087982 0.16496031 0.92778117 0.230949 -1
C 135 0.0125 0.84006654 0.65236436 0.7871308 0.71133083 0.74800316 0.9789128 -1
C 136 0.0125 0.7553831 0.71928717 0.32173881 0.57869102 0.58758302 0.43978086 -1
C 137 0.0125 0.85354625 0.59522911 0.11216764 1.0058767 0.79194387 0.087698768 -1
C 138 0.0125 0.083388761 -0.032751591 0.67458504 0.097722347 0.19410085 0.77866441 -1
C 139 0.0125 0.13738149 0.84491931 0.5106852 0.075045821 0.73416557 0.72597077 -1
C 140 0.0125 0.5957685 0.37098868 0.20436258 0.62501072 0.12522525 0.16907479 -1
C 141 0.0125 0.52271755 0.9249586 0.90268233 0.75036975 0.83427501 0.95218955 -1
C 142 0.0125 0.61983664 0.68400421 0.078512106 0.83300341 0.74030914 -0.039342402 -1
C 143 0.0125 0.90294367 0.33104832 0.1141759 0.66067146 0.38308704 0.081067761 -1
C 144 0.0125 0.84506175 0.91348148 0.45025982 0.83505379 0.95781593 0.69609371 -1
C 145 0.0125 0.8217562 1.0960849 0.10069557 0.75701113 0.86582442 0.027975761 -1
C 146 0.0125 1.0432369 0.82459213 0.79097394 0.84362377 0.70678294 0.88465205 -1
C 147 0.0125 0.60906211 0.17662913 0.22086503 0.46740418 0.16071789 0.42624239 -1
C 148 0.0125 0.34949857 0.20566954 0.85064807 0.50080256 0.39655308 0.90695595 -1
C 149 0.0125 0.69182554 0.20314324 -0.021822348 0.91752177 0.22260905 0.083924015 -1
C 150 0.0125 0.823203 0.58173782 0.012970692 1.0593606 0.65111935 0.056740393 -1
C 151 0.0125 0.44643717 0.062359833 0.7022212 0.21752911 -0.034798485 0.67650427 -1
C 152 0.0125 0.69313061 0.072895121 0.56721033 0.86188371 0.061934004 0.38308471 -1
C 153 0.0125 0.56981195 0.24842018 0.71230905 0.32958465 0.3176239 0.71360918 -1
C 154 0.0125 -0.096727536 0.068946501 0.78097797 0.098429847 0.028927666 0.62994125 -1
C 155 0.0125 1.0109661 0.7550627 0.95154676 0.91531463 0.98562659 0.96537039 -1
C 156 0.0125 0.89722919 0.37745028 0.26406014 0.66347973 0.29033107 0.28053545 -1
C 157 0.0125 0.7823857 0.64094652 0.065213248 0.56561521 0.66361562 -0.05724764 -1
C 158 0.0125 0.41069606 0.8358004 0.55104767 0.24469722 1.0139067 0.49428031 -1
C 159 0.0125 0.52415838 0.30552135 0.55303694 0.53590892 0.40118195 0.3223619 -1
C 160 0.0125 0.77568796 0.27104426 0.88354997 0.61040903 0.36343924 1.0467861 -1
C 161 0.0125 0.92875485 0.038399565 0.083219822 0.78121798 0.21329466 0.18394012 -1
C 162 0.0125 0.60692415 0.73333077 0.25349785 0.49311903 0.79746582 0.46665293 -1
C 163 0.0125 0.32038892 0.816383 0.54868012 0.27855968 0.84136981 0.79388611 -1
C 164 0.0125 0.60692548 0.68448804 0.1095052 0.83083201 0.72758863 0.0069956841 -1
C 165 0.0125 0.92358244 0.60984601 0.26093982 1.0638561 0.71960755 0.43636987 -1
C 166 0.0125 0.38040242 0.37576153 0.27215841 0.60701219 0.29998469 0.3456831 -1
C 167 0.0125 0.84901552 0.80797545 0.057348705 0.85071415 0.57501151 -0.033342623 -1
C 168 0.0125 0.74350228 0.87159185 0.17988809 0.97894106 0.79717884 0.14075648 -1
C 169 0.0125 0.29840247 0.16311296 0.29590049 0.074093249 0.27001098 0.32343566 -1
C 170 0.0125 0.80381955 0.18009822 -0.020955857 0.84564627 0.41009056 0.067667216 -1
C 171 0.0125 0.023893062 0.02906665 0.80840808 0.22689379 0.17124024 0.84123145 -1
C 172 0.0125 0.42879822 0.72018626 0.022601365 0.60126606 0.80869332 0.18046632 -1
C 173 0.0125 0.84105258 0.59977616 0.08430505 0.68088079 0.41073296 0.11758664 -1
C 174 0.0125 0.22587344 0.63947241 0.33433694 0.43839859 0.57731323 0.21827964 -1
C 175 0.0125 0.86095768 0.36195184 0.092557958 0.7870218 0.59726871 0.051821529 -1
C 176 0.0125 0.78322927 0.72556142 0.065112866 0.84297033 0.51486531 -0.055461406 -1
C 177 0.0125 0.6745554 0.51880902 0.74541796 0.5421214 0.31885535 0.6748505 -1
C 178 0.0125 0.27162626 0.65133225 0.18463123 0.27580661 0.89398942 0.24463143 -1
C 179 0.0125 0.89194835 0.29945998 0.61105216 0.89994411 0.069127529 0.51418611 -1
C 180 0.0125 1.0369437 0.56809999 0.19994214 0.80990595 0.63328657 0.11806075 -1
C 181 0.0125 0.9026315 0.97564317 0.69660526 0.87807321 0.72794519 0.67331145 -1
C 182 0.0125 0.88737033 0.83409313 0.92858877 0.67071813 0.70987622 0.91710034 -1
C 183 0.0125 0.87492879 0.89231031 0.075534768 0.92875456 0.65611014 0.013791192 -1
C 184 0.0125 0.41551034 0.64693004 0.39346413 0.62758664 0.56060324 0.29310812 -1
C 185 0.0125 0.5035957 0.29845761 0.35656089 0.30869697 0.42242071 0.26091761 -1
C 186 0.0125 0.50483621 0.68956748 0.28040217 0.62336258 0.78946484 0.084259317 -1
C 187 0.0125 0.74954958 0.83940423 1.0715285 0.88227927 0.84198349 0.85968849 -1
C 188 0.0125 0.884609 0.82509081 0.22123415 0.8139541 0.99871618 0.055819178 -1
C 189 0.0125 0.70834736 0.57779337 0.25491372 0.81925246 0.66110013 0.046923243 -1
C 190 0.0125 0.38991152 0.14226013 0.21832566 0.50107375 0.32046331 0.082728512 -1
C 191 0.0125 0.32327979 0.036069051 0.22527516 0.38701778 0.27206539 0.27765071 -1
C 192 0.0125 0.58921565 0.062464428 0.59301297 0.77004008 0.20818728 0.68557309 -1
C 193 0.0125 0.85092813 0.43755166 -0.031634164 1.0336024 0.29083593 0.05557019 -1
C 194 0.0125 0.66621296 0.80993469 0.54744068 0.63734975 0.93128098 0.76410168 -1
C 195 0.0125 0.61726593 0.4734884 0.1030064 0.8464992 0.38226735 0.062622901 -1
C 196 0.0125 0.62597826 0.25726441 0.81441913 0.72666348 0.33936691 0.60082684 -1
C 197 0.0125 0.70735235 0.82536911 0.83661392 0.82216751 0.93317944 1.0307644 -1
C 198 0.0125 0.66696354 0.81518765 0.79743172 0.74544107 0.99241758 0.95532672 -1
C 199 0.0125 0.52140467 0.49377055 0.093384323 0.71391191 0.65319792 0.08849816 -1
