200 
 0.400000
C 0 0.0125 0.89562247 0.74382978 0.9845409 0.71143996 0.67032751 0.83231009 -1
C 1 0.0125 0.78786978 0.43958494 0.55864478 0.85095585 0.20486485 0.50010737 -1
C 2 0.0125 0.66739974 0.32167737 0.59824611 0.82664694 0.49726327 0.67768113 -1
C 3 0.0125 0.30117069 0.27230765 0.19107227 0.43159035 0.44995404 0.30910817 -1
C 4 0.0125 0.48293237 1.0493692 0.53404831 0.63636727 0.87540917 0.44079796 -1
C 5 0.0125 0.63017563 0.31592899 0.18417331 0.87146024 0.25383985 0.20482941 -1
C 6 0.0125 0.81410944 0.83533785 0.44422763 0.78535251 0.8870359 0.20132775 -1
C 7 0.0125 0.40505084 0.84147185 0.89575816 0.56513528 0.66876668 0.81181831 -1
C 8 0.0125 0.68309225 0.83874588 1.0142223 0.8340704 0.94314868 0.84449996 -1
C 9 0.0125 0.84014363 0.85770613 0.61456282 0.75034646 0.81909124 0.38446423 -1
C 10 0.0125 0.67642543 0.36771439 0.5882005 0.46232414 0.31022672 0.70376781 -1
C 11 0.0125 0.53130535 0.37793409 0.77388319 0.6929906 0.56859096 0.77668261 -1
C 12 0.0125 0.89094867 0.41989047 0.37721496 0.68592763 0.2789455 0.352702 -1
C 13 0.0125 0.22324703 0.3645367 0.45092589 0.36210184 0.2732865 0.2641299 -1
C 14 0.0125 0.12714242 0.26862534 0.91181386 0.30210417 0.21943333 1.0834779 -1
C 15 0.0125 0.13601025 0.042323545 0.57883538 0.2333314 0.1827611 0.39633637 -1
C 16 0.0125 0.59661635 0.70186016 0.81189548 0.68821346 0.49626806 0.92071578 -1
C 17 0.0125 0.34572693 1.0092695 0.81309826 0.29742382 0.93820545 1.0478677 -1
C 18 0.0125 0.47268426 0.86011454 0.71366181 0.28597519 0.97274712 0.83594682 -1
C 19 0.0125 0.48174754 0.54020068 0.13109795 0.60701355 0.32404538 0.14033468 -1
C 20 0.0125 0.24806258 0.4811089 0.53612651 0.2438586 0.23466627 0.49431314 -1
C 21 0.0125 0.16189448 0.7259944 0.84567463 -0.070749899 0.74212699 0.93576532 -1
C 22 0.0125 0.64519498 0.70561169 0.65739694 0.46685381 0.60101051 0.79794238 -1
C 23 0.0125 0.26459608 0.6497448 0.38780028 0.25409074 0.4326381 0.26429191 -1
C 24 0.0125 0.28863867 0.19170917 0.37088335 0.30483435 -0.056989012 0.35121321 -1
C 25 0.0125 0.66217753 0.84802908 0.95840461 0.74710895 0.62549979 1.0343478 -1
C 26 0.0125 0.9618914 0.16145847 0.15831428 0.84219788 0.14042705 0.37678886 -1
C 27 0.0125 1.0649148 0.39614193 0.56162321 0.91291225 0.30485842 0.73786891 -1
C 28 0.0125 0.24120635 0.18582108 1.0457188 0.4369649 0.26595934 0.91246549 -1
C 29 0.0125 0.3942116 0.1394772 0.61444136 0.46883825 0.32432267 0.76531553 -1
C 30 0.0125 0.25694393 0.29805567 0.30559324 0.12117146 0.49590993 0.37573259 -1
C 31 0.0125 0.17817866 0.65093554 0.27185477 0.13865453 0.40479007 0.29056982 -1
C 32 0.0125 0.65258023 0.54126577 0.96670954 0.66258111 0.75495119 0.83733209 -1
C 33 0.0125 0.2214945 0.78188527 0.89201182 0.43953111 0.89441129 0.93994858 -1
C 34 0.0125 0.53888877 1.0473839 0.39683239 0.62460169 0.81579326 0.43580765 -1
C 35 0.0125 0.23540433 0.64993648 0.18682933 0.17727654 0.42228025 0.2722331 -1
C 36 0.0125 0.21573721 0.4769275 0.033896071 0.2175133 0.35066926 0.24966378 -1
C 37 0.0125 0.77264146 0.63308181 0.76354806 0.6592413 0.81956251 0.64162452 -1
C 38 0.0125 0.58774671 0.78181149 0.70083829 0.81175022 0.8605692 0.77906647 -1
C 39 0.0125 0.20161406 0.45178992 0.94537051 0.39105671 0.29869695 0.88903205 -1
C 40 0.0125 0.049102949 0.4198609 0.11076706 0.27324803 0.31309804 0.1401043 -1
C 41 0.0125 0.48656 0.86841016 0.23020641 0.48307975 0.86408282 -0.019731903 -1
C 42 0.0125 0.64153571 0.18553952 0.89592947 0.41105843 0.11937744 0.96665996 -1
C 43 0.0125 0.783285 0.40504473 0.63344946 0.7572167 0.32887697 0.87013261 -1
C 44 0.0125 0.30381825 0.40878703 0.4669595 0.34247786 0.30674671 0.24203016 -1
C 45 0.0125 0.79304777 0.13483176 0.23317686 0.89059566 0.34431006 0.13776591 -1
C 46 0.0125 0.70139022 0.023726049 0.21352048 0.60426704 0.054375802 0.44183535 -1
C 47 0.0125 0.7658124 0.32684147 0.78792187 0.56494087 0.2442988 0.91176585 -1
C 48 0.0125 0.14310029 0.80902739 0.86389998 -0.10620491 0.81868668 0.8479748 -1
C 49 0.0125 0.67163768 0.91075255 0.41599174 0.80720416 0.82178771 0.22571041 -1
C 50 0.0125 0.28068116 0.31399588 0.82859205 0.50421121 0.39398752 0.75026164 -1
C 51 0.0125 0.11589878 0.65367209 0.20406608 0.1866194 0.73859733 0.42831215 -1
C 52 0.0125 0.26358925 0.72398333 0.82397567 0.31121894 0.74484189 1.0685086 -1
C 53 0.0125 0.62988635 0.77485772 0.19989282 0.72500756 1.0036136 0.23339934 -1
C 54 0.0125 0.21272581 0.92204721 0.34364452 0.32706325 0.90078854 0.12234151 -1
C 55 0.0125 0.020907041 0.33324659 0.27671376 0.099323732 0.30897401 0.040574685 -1
C 56 0.0125 0.76503082 0.56689383 0.22773182 0.54124156 0.58864008 0.33702716 -1
C 57 0.0125 0.46166153 0.3553865 -0.062468991 0.55788025 0.3394401 0.16772152 -1
C 58 0.0125 0.45922324 0.53327791 0.66148761 0.59763593 0.72748187 0.58647594 -1
C 59 0.0125 0.62648974 0.72886875 0.87484245 0.87094328 0.76652799 0.91123266 -1
C 60 0.0125 0.48107252 0.65539532 0.65088923 0.61640656 0.52534884 0.81603345 -1
C 61 0.0125 0.18899153 0.24575726 0.043380911 0.29215407 0.12057916 0.23361218 -1
C 62 0.0125 0.85320549 0.078697309 0.69490049 0.76968773 0.11056918 0.92837205 -1
C 63 0.0125 0.48222694 0.14837805 0.12421641 0.38452977 -0.013549979 0.28772353 -1
C 64 0.0125 0.7410253 0.71357906 0.37481307 0.90905016 0.5540301 0.46868413 -1
C 65 0.0125 0.68278598 0.27716564 0.23287332 0.90718441 0.33839253 0.32450636 -1
C 66 0.0125 0.17269297 0.24794124 0.1007507 0.41304521 0.18202333 0.12038803 -1
C 67 0.0125 0.49596439 0.24898644 0.76814675 0.51224589 0.19722532 0.52410638 -1
C 68 0.0125 0.37027316 0.074598011 0.21244737 0.14329812 0.091941859 0.10909591 -1
C 69 0.0125 0.41944962 0.88379418 1.1211119 0.48047986 0.89097354 0.87878204 -1
C 70 0.0125 0.38931994 0.14731368 0.13445588 0.17416267 0.077131144 0.02824024 -1
C 71 0.0125 0.77905372 0.63968197 0.37419594 0.64831339 0.80237256 0.23657786 -1
C 72 0.0125 0.10490162 0.34371259 0.24735654 0.33396615 0.43950453 0.21814447 -1
C 73 0.0125 0.050508691 0.40149721 0.32583799 0.081179141 0.54376969 0.52910595 -1
C 74 0.0125 0.44385552 0.18185113 0.020394494 0.40074994 0.12817432 0.26072907 -1
C 75 0.0125 0.82964665 0.26664134 0.64559299 0.94808872 0.24165233 0.42685336 -1
C 76 0.0125 0.19518366 0.52314277 0.29263346 0.32921116 0.49081645 0.084086975 -1
C 77 0.0125 0.52875084 0.57484067 0.7408516 0.47211053 0.70654626 0.94565763 -1
C 78 0.0125 0.47471534 0.66816622 0.76802632 0.63999565 0.82328777 0.87347644 -1
C 79 0.0125 0.15586534 0.52424506 0.15542008 -0.054821579 0.42360186 0.24476195 -1
C 80 0.0125 0.6584311 0.79274392 0.8533621 0.81889012 0.6922134 1.0165997 -1
C 81 0.0125 0.45226426 0.44887884 0.89133324 0.31659554 0.26461204 0.79063696 -1
C 82 0.0125 0.30693608 0.45276656 0.4443414 0.30282116 0.45982492 0.19447494 -1
C 83 0.0125 0.71206891 0.28983254 0.30887338 0.8134359 0.065296828 0.26634752 -1
C 84 0.0125 0.42159431 0.2174546 0.029365682 0.41322905 0.18964172 0.27767288 -1
C 85 0.0125 0.3908991 -0.00055434312 0.33220841 0.16660487 0.10812031 0.31266571 -1
C 86 0.0125 0.70197023 0.099577506 0.36154676 0.52575157 0.26776768 0.30534137 -1
C 87 0.0125 0.30415402 1.068856 0.40956667 0.19698593 0.90412376 0.25504069 -1
C 88 0.0125 0.18051718 0.75935017 0.95348519 0.27368425 0.62681471 0.7630797 -1
C 89 0.0125 0.96230105 0.13564633 0.22624628 0.71859516 0.090554895 0.25902128 -1
C 90 0.0125 0.4179957 0.96062552 0.33123216 0.3122335 0.92434571 0.10762954 -1
C 91 0.0125 0.71833547 0.80893633 0.67525745 0.7059903 0.96314047 0.87164655 -1
C 92 0.0125 0.52250388 0.08123632 0.56532903 0.44823596 0.24686889 0.73723054 -1
C 93 0.0125 0.35610156 0.91088844 0.86568602 0.54728011 0.76187217 0.80449033 -1
C 94 0.0125 0.089320781 0.76909035 0.88705932 0.23670045 0.96775697 0.9232644 -1
C 95 0.0125 0.19572398 0.26575341 0.41311141 0.28185763 0.063130019 0.29468526 -1
C 96 0.0125 0.63951975 0.56392223 0.78994312 0.42638276 0.5720517 0.92035223 -1
C 97 0.0125 0.18915999 0.43197684 0.11134287 0.089608262 0.24352373 0.24201376 -1
C 98 0.0125 0.67769841 0.63382319 0.78008684 0.58762882 0.66756465 1.0108443 -1
C 99 0.0125 0.11314598 0.19605077 0.30774378 0.31863603 0.31548563 0.3852625 -1
C 100 0.0125 0.57933011 0.44620202 0.8773895 0.48978611 0.26702308 0.7278008 -1
C 101 0.0125 0.16359114 0.9428474 1.0314973 0.35120361 0.86450543 0.8860185 -1
C 102 0.0125 -0.03257816 0.29858885 0.36954653 0.21541443 0.27185003 0.38641994 -1
C 103 0.0125 0.75096952 0.74076415 0.26761005 0.65498813 0.96999039 0.29486632 -1
C 104 0.0125 0.2670934 -0.0061875495 0.096812337 0.44967736 0.14359389 0.17884049 -1
C 105 0.0125 0.77475723 -0.083216018 0.81420849 0.8367658 0.13704483 0.91490653 -1
C 106 0.0125 0.39608205 0.988199 0.95065004 0.14994499 0.99666738 0.99360158 -1
C 107 0.0125 0.31008081 0.12862879 0.01489697 0.20469049 0.15515086 0.24004017 -1
C 108 0.0125 0.40715 0.56246511 0.76522813 0.59015435 0.40477434 0.82959452 -1
C 109 0.0125 0.36314901 0.57790706 0.67878856 0.16030259 0.64479305 0.80871004 -1
C 110 0.0125 0.26077323 0.40811602 0.29621591 0.48312427 0.52195223 0.28614935 -1
C 111 0.0125 0.59643377 0.75623894 0.34208747 0.82250019 0.83222301 0.26711819 -1
C 112 0.0125 0.6473613 0.60399386 0.7064707 0.65825317 0.41529919 0.54283792 -1
C 113 0.0125 0.70174628 0.19979208 0.1340704 0.82538499 0.19314765 0.35125539 -1
C 114 0.0125 0.82248649 0.6088074 0.84150096 0.62036788 0.57239665 0.69894457 -1
C 115 0.0125 0.12640128 0.44808447 0.23602684 0.043324044 0.22820322 0.15087751 -1
C 116 0.0125 0.24865632 0.44026958 0.043192152 0.32020197 0.22260126 0.14320077 -1
C 117 0.0125 0.30225388 1.0267145 0.94975617 0.12451259 0.8531643 0.92167837 -1
C 118 0.0125 0.86916423 0.57227147 0.76596918 0.65257772 0.67767098 0.69902723 -1
C 119 0.0125 0.60704192 0.48616368 0.89580252 0.63395459 0.70618284 0.78018556 -1
C 120 0.0125 0.59039964 0.77213533 0.07524941 0.71631283 0.60044053 -0.055772581 -1
C 121 0.0125 1.0279525 0.92416738 0.83603351 0.85762161 0.7961632 0.96680931 -1
C 122 0.0125 0.35464033 0.40558032 0.26322252 0.12691858 0.49110491 0.2055307 -1
C 123 0.0125 1.0684713 0.83884084 1.0171112 0.87481136 0.80137471 0.86351402 -1
C 124 0.0125 0.30298235 0.70750742 0.22713151 0.16392535 0.62365814 0.41721687 -1
C 125 0.0125 0.65884688 0.88505558 0.1746213 0.49197542 0.75623234 0.30900318 -1
C 126 0.0125 0.066210774 0.26123767 0.23813312 0.2229355 0.33512778 0.41834858 -1
C 127 0.0125 0.64550488 0.53716801 0.73792779 0.48912968 0.39579445 0.60353913 -1
C 128 0.0125 0.64598332 0.7176762 -0.03396752 0.81103524 0.68914683 0.15162326 -1
C 129 0.0125 0.31511614 0.65995626 0.10872665 0.41986382 0.73383814 -0.10591117 -1
C 130 0.0125 0.34809844 0.68608371 -0.072917602 0.34597748 0.77631387 0.16022189 -1
C 131 0.0125 0.28320198 0.16958684 1.0312867 0.24953397 0.12225076 0.78812884 -1
C 132 0.0125 0.84512901 0.31026239 0.39615256 0.7882121 0.20551095 0.17640816 -1
C 133 0.0125 0.34491666 0.22965905 0.1430455 0.29960449 0.28967158 -0.095377038 -1
C 134 0.0125 0.40142841 0.38287653 0.30498529 0.49815385 0.18145412 0.19285499 -1
C 135 0.0125 0.71020442 0.13287034 0.22523634 0.92912272 0.20751031 0.13034877 -1
C 136 0.0125 0.48670223 0.72488839 0.97269825 0.73162965 0.71445336 0.92369142 -1
C 137 0.0125 0.7093938 0.52466782 1.0200422 0.52949134 0.48589642 0.85083266 -1
C 138 0.0125 0.82643862 -0.0053865035 0.50483249 0.61573026 0.096527425 0.41699434 -1
C 139 0.0125 0.38214727 0.46366687 0.96278882 0.23080025 0.34376292 0.80398981 -1
C 140 0.0125 0.38746749 0.75701033 0.8407925 0.372779 0.78954691 1.0882306 -1
C 141 0.0125 0.35660079 0.48089542 0.068672621 0.30922257 0.37414609 0.28971534 -1
C 142 0.0125 0.65111845 0.28027561 0.51249214 0.78588639 0.47907554 0.5818909 -1
C 143 0.0125 0.24847556 0.42847349 0.1224645 0.15010615 0.21780384 0.21434355 -1
C 144 0.0125 0.044473628 0.7630058 0.14385716 0.26088092 0.87035702 0.20822798 -1
C 145 0.0125 0.29538412 0.77469381 0.07469891 0.42170582 0.9804072 0.13969756 -1
C 146 0.0125 0.62280175 0.776617 0.97701768 0.57877093 0.69885408 0.74353488 -1
C 147 0.0125 -0.057686436 0.1526102 0.018424089 0.15032789 0.29099819 0.0095467754 -1
C 148 0.0125 0.55282342 0.25526997 0.93381311 0.33294308 0.14649974 0.98199685 -1
C 149 0.0125 0.67349296 0.325657 0.61734168 0.52398262 0.16384872 0.49916919 -1
C 150 0.0125 0.76004819 0.11684194 0.32634968 0.81054755 0.35034491 0.40001228 -1
C 151 0.0125 0.38183029 0.059795333 0.44117746 0.30808848 0.009616859 0.6747246 -1
C 152 0.0125 0.26208575 0.83385563 0.098177299 0.369351 0.95590157 -0.091819956 -1
C 153 0.0125 0.14023454 0.40011729 0.13988982 0.19990121 0.52305673 -0.069456254 -1
C 154 0.0125 0.83081922 0.55582531 0.13721208 1.0251141 0.63555124 0.27283387 -1
C 155 0.0125 0.45757262 0.13481319 0.21894032 0.31119972 -0.040718859 0.11763153 -1
C 156 0.0125 0.85903374 0.090587573 0.45398673 0.66739539 0.071226128 0.61336012 -1
C 157 0.0125 0.35963596 0.88249802 0.24129203 0.43047294 0.86243 0.0023790842 -1
C 158 0.0125 0.10273599 0.49415615 0.23615566 -0.06732785 0.34410624 0.34133797 -1
C 159 0.0125 0.37220013 0.090132482 0.30342604 0.1480924 0.1385488 0.4030834 -1
C 160 0.0125 0.4733438 0.98338273 0.38917125 0.39567707 0.941568 0.15524946 -1
C 161 0.0125 0.79905512 0.75155267 0.56901717 0.97213765 0.91017037 0.65494077 -1
C 162 0.0125 0.44697505 0.028065363 0.52432293 0.32721821 -0.016341153 0.30941281 -1
C 163 0.0125 0.7539873 0.87277559 0.19447588 0.75355302 0.9011161 0.44286394 -1
C 164 0.0125 0.51732157 0.24949543 0.64326694 0.62947744 0.39223873 0.81515473 -1
C 165 0.0125 0.82500602 0.35524743 0.61676447 0.69183027 0.5639259 0.58187153 -1
C 166 0.0125 0.34785045 1.0077557 0.74096833 0.14249929 0.88768383 0.6640681 -1
C 167 0.0125 0.71593474 0.41122459 0.66487663 0.52045401 0.56704437 0.66761124 -1
C 168 0.0125 0.83350381 0.83647055 1.067733 0.90466682 0.87867102 0.83182004 -1
C 169 0.0125 0.39003988 0.26086437 0.15912476 0.22660642 0.44999219 0.15463337 -1
C 170 0.0125 0.37539304 0.3531405 0.16899786 0.5839942 0.22879487 0.22835879 -1
C 171 0.0125 0.78667023 0.74940334 0.68194576 0.74639375 0.82678129 0.91623288 -1
C 172 0.0125 0.31797663 0.31779756 0.86212909 0.43985108 0.4843034 0.72098227 -1
C 173 0.0125 0.70865386 0.84872077 0.13548237 0.83917963 0.74541763 0.32200712 -1
C 174 0.0125 0.31313046 0.82538288 0.15411255 0.48898571 0.78930398 -0.019879529 -1
C 175 0.0125 0.19313425 0.36594695 0.36941751 -0.002152764 0.51245294 0.31557536 -1
C 176 0.0125 0.31255437 0.88333661 0.8769274 0.064550814 0.91168467 0.89073398 -1
C 177 0.0125 0.48417311 0.14830871 -0.029585754 0.25554428 0.16075679 0.070783081 -1
C 178 0.0125 0.19212232 0.26826136 0.15038521 0.21833328 0.026547777 0.20858768 -1
C 179 0.0125 0.63998573 0.77337416 0.80770158 0.5898004 0.97490189 0.94687057 -1
C 180 0.0125 0.4019807 0.44812524 0.14618712 0.37198444 0.22942818 0.26354051 -1
C 181 0.0125 0.54189042 0.67509846 0.33515284 0.68320907 0.86229905 0.24863704 -1
C 182 0.0125 0.65171685 0.74977825 0.77647445 0.73252662 0.96081546 0.88340002 -1
C 183 0.0125 0.50338472 1.0807143 0.424797 0.48756662 0.867339 0.29548813 -1
C 184 0.0125 0.1369686 0.1910516 0.36492129 0.26682326 0.066424258 0.19141108 -1
C 185 0.0125 0.38753813 0.31986671 0.27614852 0.55933104 0.1392379 0.2951335 -1
C 186 0.0125 0.35983982 0.1923158 0.17788759 0.36178008 0.43871773 0.22010522 -1
C 187 0.0125 0.10178399 0.66352088 0.42615565 0.14917828 0.58932848 0.19217003 -1
C 188 0.0125 0.7664188 0.36713122 0.55789968 0.70893672 0.36653209 0.31459852 -1
C 189 0.0125 1.0265262 0.47631503 0.76357629 0.94746221 0.26307212 0.86738552 -1
C 190 0.0125 0.75692605 0.70512628 0.744371 0.82548811 0.87140448 0.91801087 -1
C 191 0.0125 0.1696118 0.3383366 0.34169602 0.10586611 0.17406182 0.16435373 -1
C 192 0.0125 0.90474523 0.25915614 0.28774427 0.67614143 0.17794191 0.3481144 -1
C 193 0.0125 0.76767494 0.68787757 0.45525969 0.73291198 0.54098815 0.25597337 -1
C 194 0.0125 0.59379209 0.24889968 0.072755215 0.73880234 0.38430161 0.22486814 -1
C 195 0.0125 0.46289442 0.83596428 0.72979645 0.66970846 0.6971893 0.75146333 -1
C 196 0.0125 0.77243113 1.0255799 0.93853205 0.73085576 0.81162959 0.81607076 -1
C 197 0.0125 0.91352119 1.0298216 0.3417394 0.71172759 0.9032634 0.26582919 -1
C 198 0.0125 0.33002969 0.96355689 0.011929644 0.45391076 0.74711712 -0.0056005893 -1
C 199 0.0125 0.62591257 0.27910135 0.73738858 0.68237254 0.48420213 0.60606479 -1
