200 
 2.700000
C 0 0.0125 0.92812962 0.79569296 0.48589674 0.88262931 0.78883819 0.73162573 -1
C 1 0.0125 0.70208488 0.23338251 0.38362772 0.79013206 0.35833729 0.58145087 -1
C 2 0.0125 0.28025906 0.60902088 0.037789627 0.35913154 0.39661376 0.14344164 -1
C 3 0.0125 0.15423108 0.98104914 0.14860453 0.14162148 0.73258428 0.17322586 -1
C 4 0.0125 0.28278756 1.0104677 0.61250979 0.37829475 0.8641413 0.43371675 -1
C 5 0.0125 0.23281362 0.3857211 0.66935264 0.39057101 0.26119699 0.52067058 -1
C 6 0.0125 0.53248548 0.68072205 -0.02305649 0.30956685 0.58076123 0.030001228 -1
C 7 0.0125 0.76901212 0.92603841 0.60097351 0.79699398 0.71470856 0.47037217 -1
C 8 0.0125 0.39208537 0.732139 0.93107327 0.52973552 0.8077539 0.73656152 -1
C 9 0.0125 0.29653541 0.40935713 1.0578266 0.17468465 0.59416677 0.94164661 -1
C 10 0.0125 0.098932118 1.0869009 0.34796869 -0.049998358 0.89814864 0.27946824 -1
C 11 0.0125 0.22629006 0.30771288 0.63852175 0.0019332862 0.29446396 0.52902973 -1
C 12 0.0125 0.93761997 1.0660148 0.2312632 1.0368672 0.83834064 0.20272444 -1
C 13 0.0125 0.80273196 0.1312874 0.2553484 0.5751201 0.056897036 0.18352285 -1
C 14 0.0125 0.48501998 0.76093458 0.23749551 0.34448768 0.77796593 0.031435804 -1
C 15 0.0125 1.0597058 0.59936743 0.087661643 0.80999699 0.58731282 0.087237105 -1
C 16 0.0125 0.52075047 0.76351401 0.37426509 0.74432616 0.65252824 0.36026251 -1
C 17 0.0125 0.53976901 0.76929713 0.76205968 0.73366847 0.78587646 0.60512617 -1
C 18 0.0125 0.22769041 -0.055254713 0.26514529 0.37464036 0.11900609 0.16248623 -1
C 19 0.0125 0.24574191 0.26907113 0.81451254 0.23219539 0.50480374 0.73237468 -1
C 20 0.0125 0.42470135 0.87670851 0.86886958 0.53656946 0.78546791 0.6647601 -1
C 21 0.0125 1.0018225 0.33444269 0.4832043 0.7889188 0.24838451 0.38438128 -1
C 22 0.0125 0.9726854 0.86171398 0.36177688 0.82651385 0.8320596 0.56241211 -1
C 23 0.0125 1.0319885 0.13176117 0.26316169 0.88976035 0.29504401 0.38810117 -1
C 24 0.0125 0.50813677 -0.0014759901 0.69048145 0.68746785 0.12063731 0.56626912 -1
C 25 0.0125 0.52541884 0.10163111 0.23483323 0.73126472 -0.027140452 0.29437616 -1
C 26 0.0125 0.87542872 0.62591778 0.4295807 0.78625264 0.77196858 0.61183544 -1
C 27 0.0125 0.037679114 0.9793657 0.34820506 0.23066774 0.83813991 0.42107938 -1
C 28 0.0125 0.28406161 0.87419745 0.0024722479 0.46799774 1.0328941 0.061488102 -1
C 29 0.0125 0.70466906 0.55473285 0.54862685 0.9423697 0.62502258 0.58115001 -1
C 30 0.0125 0.18017852 -0.030800855 0.45430894 0.11746181 0.088517791 0.66485507 -1
C 31 0.0125 1.0228058 0.058608482 0.60829774 0.9163051 0.12844275 0.39316806 -1
C 32 0.0125 0.64261381 0.61397732 0.33737095 0.62975398 0.83840812 0.22798429 -1
C 33 0.0125 0.74107102 0.96414829 0.64137529 0.7559366 0.76562472 0.49015557 -1
C 34 0.0125 0.10153492 1.0016026 0.090138629 0.089707681 0.94709548 0.3338374 -1
C 35 0.0125 0.91211833 0.29663232 0.1642831 0.82718493 0.2354303 0.39130872 -1
C 36 0.0125 0.20719729 0.64488568 0.99760097 0.11988488 0.81324928 0.83471992 -1
C 37 0.0125 0.61792851 0.41393218 0.22006032 0.6945698 0.62526221 0.11067235 -1
C 38 0.0125 0.8920994 0.66742853 0.5956394 0.73643086 0.66379052 0.40005291 -1
C 39 0.0125 0.30094916 0.88968925 0.081853624 0.46324429 0.73181438 -0.024145501 -1
C 40 0.0125 0.084421932 0.37631637 0.55951063 0.16467877 0.60885526 0.51496282 -1
C 41 0.0125 0.65098496 0.59263131 0.39511023 0.86159541 0.60931724 0.52876955 -1
C 42 0.0125 0.91371462 0.91020323 0.43374124 0.79964736 0.94677651 0.65317473 -1
C 43 0.0125 1.0223364 0.90422875 0.58672069 0.90992957 0.72239195 0.71633581 -1
C 44 0.0125 0.31846993 0.25050219 0.45074497 0.33887753 0.29755897 0.20606316 -1
C 45 0.0125 1.0523714 0.42051264 0.75131398 0.80428164 0.43219267 0.77986336 -1
C 46 0.0125 -0.10172592 0.71046315 0.60497002 0.11433134 0.81282973 0.67804768 -1
C 47 0.0125 1.0963116 0.9329048 0.22030677 0.87907273 1.0254238 0.30245013 -1
C 48 0.0125 0.93415483 0.31020783 0.16522791 0.94497103 0.27445474 0.41242162 -1
C 49 0.0125 0.60027149 0.48702042 0.045193061 0.35893398 0.53166311 -0.0023804106 -1
C 50 0.0125 0.52354749 0.64821623 0.58179356 0.72951928 0.65167485 0.44014732 -1
C 51 0.0125 0.658428 1.0581044 0.15599473 0.60893868 0.81437664 0.13054735 -1
C 52 0.0125 0.74916649 0.7888577 0.70896921 0.63157394 0.93906945 0.54738821 -1
C 53 0.0125 0.76082364 -0.013440838 0.19171177 0.89654788 0.18625534 0.12690153 -1
C 54 0.0125 0.72307589 0.92753249 0.43881125 0.63166598 0.69550978 0.45640928 -1
C 55 0.0125 0.88207519 0.70306597 1.0567594 0.97942134 0.73557085 0.82879633 -1
C 56 0.0125 0.66625241 0.15670925 0.4480918 0.84012396 -0.0202459 0.47900389 -1
C 57 0.0125 0.32554176 0.073452371 0.5921444 0.47375765 0.023291503 0.78712117 -1
C 58 0.0125 0.33945201 0.63621368 0.47659195 0.094908546 0.63498705 0.52852449 -1
C 59 0.0125 0.74488773 0.72729507 0.27967163 0.5871009 0.57642452 0.40149689 -1
C 60 0.0125 0.79200418 1.0312615 0.28480676 0.76437183 0.82895115 0.42905294 -1
C 61 0.0125 0.23579765 0.14687035 0.75400839 0.12877552 0.086830487 0.97181904 -1
C 62 0.0125 0.64283684 0.17670033 0.41689357 0.75275581 0.20713867 0.19442711 -1
C 63 0.0125 0.16837455 -0.018974705 1.0036621 0.26224623 0.16994448 0.86950675 -1
C 64 0.0125 0.38829817 0.58236454 0.063352429 0.43706247 0.82320662 0.017340083 -1
C 65 0.0125 0.7294888 0.30307887 0.04199328 0.65265073 0.086946136 0.1414043 -1
C 66 0.0125 0.28908608 0.81160799 1.1230295 0.25517791 0.83394306 0.87634876 -1
C 67 0.0125 0.31373054 0.65831457 0.34711119 0.25457186 0.90121218 0.34611072 -1
C 68 0.0125 0.20425836 0.16629506 0.36682265 0.2805796 0.24698701 0.59079559 -1
C 69 0.0125 0.27002028 0.75001751 0.26323592 0.3798592 0.68848323 0.047252249 -1
C 70 0.0125 0.35867986 0.89040053 0.87987975 0.14439422 0.89207288 1.0086387 -1
C 71 0.0125 -0.078336465 0.70728696 0.26635973 0.12409356 0.5745367 0.32880532 -1
C 72 0.0125 0.79813043 0.55575466 0.26996696 0.56515562 0.50053578 0.19803914 -1
C 73 0.0125 0.31133642 0.29165918 0.49291405 0.15389851 0.18294388 0.65383107 -1
C 74 0.0125 0.21896232 0.69145555 0.22287377 0.067599275 0.66645422 0.025480353 -1
C 75 0.0125 1.0396476 0.15404793 0.65781252 0.83409279 0.26008489 0.75269867 -1
C 76 0.0125 0.95468097 0.20567085 0.27222316 0.84628604 0.39925469 0.38744398 -1
C 77 0.0125 0.88438489 0.76855599 0.65179178 0.82431741 0.71495571 0.41510865 -1
C 78 0.0125 0.92231746 0.83266106 0.58408778 0.74637944 0.68871518 0.48004263 -1
C 79 0.0125 0.40724707 0.034517424 0.74281379 0.41391145 0.2802316 0.78842225 -1
C 80 0.0125 0.65113312 0.58873155 0.36518336 0.76701365 0.65522424 0.15387688 -1
C 81 0.0125 -0.026902317 0.51871843 0.20437002 0.15571122 0.35078843 0.23522145 -1
C 82 0.0125 0.91393328 0.058834112 0.3342939 1.0588177 0.2139287 0.20217968 -1
C 83 0.0125 0.61504985 0.077186603 0.28975464 0.84387617 -0.0076165812 0.23546899 -1
C 84 0.0125 0.14462681 1.0258951 0.90283354 0.27010847 0.84526176 1.0216862 -1
C 85 0.0125 0.83797655 0.79478479 0.91594802 1.0537682 0.68396553 0.9763886 -1
C 86 0.0125 0.57343942 0.61397974 0.44255352 0.52618106 0.74076274 0.23233288 -1
C 87 0.0125 0.15028349 0.70717597 0.29259539 0.33525184 0.55527994 0.22038524 -1
C 88 0.0125 0.80825652 0.69639319 0.74930934 0.8589064 0.92604013 0.66447496 -1
C 89 0.0125 0.67986139 0.19994941 0.035302494 0.8894774 0.063737332 0.038022697 -1
C 90 0.0125 0.45139204 0.886247 0.48425212 0.41973156 0.95141439 0.24498067 -1
C 91 0.0125 0.83349888 0.72841484 0.58275193 0.72489799 0.51591814 0.5082469 -1
C 92 0.0125 0.76767496 0.94987917 0.22359377 0.53969523 1.0112285 0.14136544 -1
C 93 0.0125 0.90552309 0.70168063 0.29422707 0.85403668 0.80059426 0.51797971 -1
C 94 0.0125 0.64670885 0.71128154 0.606388 0.68265487 0.78893306 0.84128825 -1
C 95 0.0125 0.49637068 0.040073836 0.012040402 0.33830346 0.20949468 0.1059091 -1
C 96 0.0125 0.80684285 0.72887685 0.44323832 0.78620418 0.96209555 0.53089151 -1
C 97 0.0125 0.95775748 0.14698998 0.289056 0.75424363 0.071475435 0.16504123 -1
C 98 0.0125 0.76829671 0.78031914 0.25327047 0.58660933 0.65487775 0.37054858 -1
C 99 0.0125 0.89890124 0.10550536 0.36260888 0.91601548 0.019581047 0.12846338 -1
C 100 0.0125 0.77498416 0.62584371 0.67094735 0.66867596 0.76577469 0.49313316 -1
C 101 0.0125 0.50731319 0.89955777 0.65794836 0.72547105 0.8585331 0.54295216 -1
C 102 0.0125 0.69967315 0.54711952 0.59279158 0.57028129 0.62194543 0.3923949 -1
C 103 0.0125 0.34104054 0.64511571 0.072490317 0.27150399 0.63400318 0.31236774 -1
C 104 0.0125 0.5796638 0.48877552 0.097853823 0.34542747 0.57089723 0.068031638 -1
C 105 0.0125 0.77781059 0.64865775 0.58251937 0.53331404 0.69955163 0.57106281 -1
C 106 0.0125 0.88228602 0.27747151 0.098854916 0.81869066 0.46669864 0.24934984 -1
C 107 0.0125 0.33882992 0.33344987 0.66236239 0.46483728 0.52110774 0.55556038 -1
C 108 0.0125 0.74353653 0.9014491 0.70983638 0.57019156 0.73936947 0.63121248 -1
C 109 0.0125 0.24629899 1.0183031 0.13633781 0.22657802 0.7819343 0.057338538 -1
C 110 0.0125 0.90444669 1.1128551 0.68227634 0.89411482 0.86604042 0.72069222 -1
C 111 0.0125 0.45940246 0.60781823 0.94011329 0.2407465 0.48760442 0.92467914 -1
C 112 0.0125 0.49431374 0.52817815 0.61494969 0.50429482 0.48540576 0.36883813 -1
C 113 0.0125 0.24644471 0.58930862 0.95207233 0.016964657 0.67883056 0.99478916 -1
C 114 0.0125 0.71517827 0.69665555 0.35638566 0.837885 0.91000601 0.31251495 -1
C 115 0.0125 0.98896319 0.1615378 0.20460563 0.7493183 0.10040497 0.1680939 -1
C 116 0.0125 0.26491419 0.65277773 0.91959391 0.22052652 0.88277732 1.0069433 -1
C 117 0.0125 0.76166468 0.63106685 0.28343 0.57804628 0.50553475 0.39756138 -1
C 118 0.0125 0.84132094 0.85342281 0.49860972 0.83077777 0.73072282 0.28104696 -1
C 119 0.0125 0.53452527 0.67359698 0.4483727 0.72313596 0.77232974 0.579437 -1
C 120 0.0125 0.75281805 0.57828373 0.36569138 0.5446994 0.69978675 0.43220189 -1
C 121 0.0125 0.91988532 0.67970397 0.063966794 0.85776945 0.53342972 0.25695763 -1
C 122 0.0125 1.0947447 0.18201644 0.31240318 0.86476519 0.19028852 0.21472519 -1
C 123 0.0125 0.63813554 0.68939964 0.50418271 0.43041107 0.55108286 0.51898173 -1
C 124 0.0125 0.3272074 0.21312617 1.0063 0.48767581 0.084015685 0.86459474 -1
C 125 0.0125 0.74277252 0.61048033 0.74208605 0.79370466 0.79802166 0.89935705 -1
C 126 0.0125 0.87266149 0.13560608 0.30045193 1.0811896 0.16650583 0.43484398 -1
C 127 0.0125 0.47014855 0.40862014 0.61168862 0.34396499 0.50573692 0.80442171 -1
C 128 0.0125 0.34734412 0.68907403 0.36119999 0.17263988 0.67321381 0.5393204 -1
C 129 0.0125 0.52470286 0.19920369 -0.025230132 0.52653111 0.32461791 0.19102881 -1
C 130 0.0125 0.51533246 -0.03687529 1.0434821 0.48164281 0.053707883 0.81291821 -1
C 131 0.0125 0.87671692 0.92740831 0.034646897 0.74573141 0.92667095 0.2475841 -1
C 132 0.0125 0.75116017 0.55767196 0.05177898 0.90129425 0.40936691 0.18581393 -1
C 133 0.0125 0.30373036 0.70172939 0.96893536 0.36291994 0.94336833 0.94429362 -1
C 134 0.0125 0.067261982 0.44614378 0.57820327 -0.057370425 0.23008065 0.59504029 -1
C 135 0.0125 0.76829135 0.061073296 0.081387476 0.67879982 0.20072189 0.26844238 -1
C 136 0.0125 0.15095147 0.35486931 0.58156701 0.10529305 0.5899186 0.65344982 -1
C 137 0.0125 0.66401447 0.67865347 0.28485896 0.62268493 0.44790529 0.37173328 -1
C 138 0.0125 0.38065203 0.20586223 0.74888527 0.41420045 0.45070866 0.78663083 -1
C 139 0.0125 0.45121528 0.31353579 0.16102986 0.60364052 0.47869945 0.27051735 -1
C 140 0.0125 0.63019044 0.84574829 0.58134999 0.88016448 0.84609186 0.58493618 -1
C 141 0.0125 0.93804482 0.11972675 0.13543348 1.0323071 0.026688061 0.34746749 -1
C 142 0.0125 0.62108335 0.77851351 0.60398546 0.79497675 0.81999359 0.42922708 -1
C 143 0.0125 0.060649423 0.77335201 0.630832 -0.05849621 0.58579102 0.74539724 -1
C 144 0.0125 0.62057638 0.84075095 0.73036517 0.65314978 0.7511814 0.96148477 -1
C 145 0.0125 0.98343094 0.21738586 0.61714948 0.82257562 0.18819705 0.42801043 -1
C 146 0.0125 0.59879587 0.57505686 0.28734894 0.69973901 0.79911979 0.24145465 -1
C 147 0.0125 0.78239788 0.29403695 0.32432955 0.6829078 0.079062648 0.244406 -1
C 148 0.0125 0.31044011 0.83933673 0.56156577 0.42176573 0.62233983 0.61651076 -1
C 149 0.0125 0.89399179 0.085856187 0.74592464 0.69934711 0.040903654 0.59561589 -1
C 150 0.0125 0.73734834 0.11639469 0.34053105 0.77986341 0.024982098 0.11175997 -1
C 151 0.0125 0.18502347 -0.011104638 0.84400983 0.27150788 0.22344562 0.84658313 -1
C 152 0.0125 0.93147652 0.69860981 0.50008138 0.73708274 0.85578952 0.50244731 -1
C 153 0.0125 0.29737399 0.76738849 1.0346112 0.085980925 0.80526928 0.90663459 -1
C 154 0.0125 0.83367804 0.0074066507 0.0046202864 0.90391638 0.10018184 0.22588786 -1
C 155 0.0125 0.29559217 0.31931991 0.69910109 0.28664429 0.56834396 0.67892788 -1
C 156 0.0125 0.18595137 0.54422501 0.42232216 0.027129799 0.48836719 0.2375098 -1
C 157 0.0125 0.70476676 0.89892069 0.56043935 0.55397154 1.0813038 0.47983402 -1
C 158 0.0125 0.95086058 0.11313094 0.22705147 0.71267534 0.17409089 0.1817561 -1
C 159 0.0125 0.37939444 0.80442298 0.56872867 0.51579795 0.74536191 0.76974079 -1
C 160 0.0125 0.85453126 0.074481664 0.96291445 0.66077432 -0.069397281 1.0281609 -1
C 161 0.0125 0.77816194 0.52552944 0.48204017 0.54438294 0.55018582 0.39695525 -1
C 162 0.0125 -0.09711314 0.38852803 -0.0079819411 0.11325568 0.5044567 0.061339786 -1
C 163 0.0125 0.55497989 0.81501534 0.37826731 0.60634745 0.93469224 0.16486906 -1
C 164 0.0125 0.55743393 0.80426523 0.58655522 0.75735068 0.84998723 0.44357693 -1
C 165 0.0125 0.66529602 0.94944744 0.32422677 0.45139208 1.0037017 0.44170692 -1
C 166 0.0125 0.31577093 0.16121955 0.88847942 0.53816335 0.27513256 0.8965688 -1
C 167 0.0125 0.77410264 0.75081577 0.42041278 0.75960501 0.97154516 0.3039295 -1
C 168 0.0125 0.60932801 0.67905269 0.085948043 0.81432084 0.62226316 -0.045402214 -1
C 169 0.0125 0.22590438 0.93346203 0.037985738 0.064063114 0.74547077 0.0068941002 -1
C 170 0.0125 0.41538221 0.12097165 0.82075192 0.60560979 -0.002022777 0.7149888 -1
C 171 0.0125 0.77430786 0.82297405 0.61706307 0.66488136 0.68399341 0.44039891 -1
C 172 0.0125 0.85079476 0.016609794 0.12103871 0.68856298 0.091917168 -0.053631409 -1
C 173 0.0125 0.86126455 0.091781608 0.36823207 0.88173395 0.028766028 0.12717183 -1
C 174 0.0125 0.16217273 0.80392145 0.43297401 0.16818107 0.55582514 0.4631753 -1
C 175 0.0125 0.7679333 0.0091314782 0.2110795 0.8879069 0.2214939 0.26592962 -1
C 176 0.0125 0.78600781 0.84545345 0.65039229 0.70256382 1.07468 0.70509411 -1
C 177 0.0125 0.38323971 1.0413949 0.091453406 0.27102702 0.86608045 -0.047013803 -1
C 178 0.0125 0.57109274 0.20442557 0.84380691 0.33708633 0.26973946 0.78485696 -1
C 179 0.0125 0.71652861 0.7706124 0.42648883 0.59283498 0.83049429 0.63532858 -1
C 180 0.0125 0.033924997 0.87501019 0.053650325 0.27351673 0.85201239 0.12122919 -1
C 181 0.0125 0.83859227 0.1425406 0.095896404 0.84352858 -0.068186317 0.23032036 -1
C 182 0.0125 0.78590442 0.76110202 0.52953176 0.70540649 0.52700378 0.49463053 -1
C 183 0.0125 0.72805266 0.72399773 0.5228618 0.76045953 0.84259157 0.30518016 -1
C 184 0.0125 0.072172672 1.0319443 0.15074593 0.077295771 0.78251618 0.16685126 -1
C 185 0.0125 0.26123092 0.91804815 0.70903503 0.25665602 0.76549069 0.90703829 -1
C 186 0.0125 0.21874316 0.81817287 -0.043277584 0.10988937 0.83184922 0.18136393 -1
C 187 0.0125 0.6178567 0.69585183 0.81051909 0.80875065 0.79274227 0.9396382 -1
C 188 0.0125 0.96377809 -0.097480425 0.14581305 0.90782215 0.12706438 0.051216215 -1
C 189 0.0125 0.84668665 0.064158112 0.074008115 0.63473596 0.17310864 0.14955073 -1
C 190 0.0125 0.84261859 0.58716923 0.41997377 0.60221767 0.65422187 0.43451133 -1
C 191 0.0125 0.83312461 0.23049923 0.33278081 1.0365536 0.088455906 0.30211555 -1
C 192 0.0125 0.71090819 0.26927993 0.14155194 0.82358019 0.067037 0.047197202 -1
C 193 0.0125 0.2273949 0.89786644 0.89714508 0.38286192 0.7309973 0.79475028 -1
C 194 0.0125 0.68716365 0.32490893 0.54125278 0.73874407 0.50279313 0.37333412 -1
C 195 0.0125 0.8402834 0.7849202 0.56361822 0.78271546 0.97315591 0.71773912 -1
C 196 0.0125 0.8409656 0.51028316 0.42340561 0.60105906 0.58006464 0.43208874 -1
C 197 0.0125 0.76833968 0.13606886 0.31927435 0.91195491 -0.038862674 0.21309702 -1
C 198 0.0125 0.54263943 0.23988323 0.3171715 0.42885918 0.14412118 0.11621458 -1
C 199 0.0125 0.50805981 0.048244178 0.93929713 0.66048052 0.23014847 0.86069206 -1
