200 
 3.200000
C 0 0.0125 0.92420077 0.64411969 0.59471388 0.96432343 0.66701883 0.84040841 -1
C 1 0.0125 0.70586125 0.31270308 0.99026853 0.75266945 0.55139333 0.93251079 -1
C 2 0.0125 0.23015022 0.26183774 0.38144228 0.24106226 0.35083216 0.61481092 -1
C 3 0.0125 0.88092603 0.69496846 0.24589347 0.86935193 0.83755354 0.45091916 -1
C 4 0.0125 0.72936149 0.4441591 0.92136248 0.49268432 0.36624666 0.94169892 -1
C 5 0.0125 0.22346575 0.43170424 0.39585636 0.021670537 0.51135365 0.27162005 -1
C 6 0.0125 0.67998943 0.48228281 0.19538153 0.90091796 0.59435841 0.22899171 -1
C 7 0.0125 0.86702901 0.87652203 0.59433999 0.81526211 0.64103547 0.52826224 -1
C 8 0.0125 0.80159008 1.0448736 0.65196081 0.65857933 0.85776938 0.73586505 -1
C 9 0.0125 0.18666757 0.66385725 0.063672385 0.39217541 0.78016789 -0.018415142 -1
C 10 0.0125 0.4648484 0.76526304 0.17554055 0.22034785 0.71845638 0.15254885 -1
C 11 0.0125 0.32063601 -0.0064136364 0.27525418 0.33943832 0.2415518 0.24957115 -1
C 12 0.0125 0.2353184 0.77420299 0.55909643 0.10055004 0.75004905 0.76827119 -1
C 13 0.0125 0.87265841 0.97386281 0.29749327 0.68182033 0.88285146 0.16408501 -1
C 14 0.0125 0.16907194 0.38376184 0.56041702 0.33776828 0.48531034 0.71446067 -1
C 15 0.0125 0.38646945 0.94173794 0.082657976 0.63009618 0.97228581 0.035617121 -1
C 16 0.0125 0.8714168 0.35488947 0.44389873 0.6673986 0.49403012 0.48284042 -1
C 17 0.0125 0.59270374 0.95292161 0.56477926 0.82633078 0.88131928 0.617614 -1
C 18 0.0125 0.64096464 0.29813153 0.81849748 0.66961063 0.20842302 1.0500829 -1
C 19 0.0125 0.10828528 0.88518034 0.63379171 0.34097543 0.91305544 0.54673844 -1
C 20 0.0125 0.82850185 0.18166727 0.43137713 0.7100499 -0.035187938 0.46936335 -1
C 21 0.0125 0.73566057 0.54043897 0.10152735 0.90227986 0.42995006 0.25162802 -1
C 22 0.0125 0.94484817 1.0142726 0.68938152 0.91124588 0.81222779 0.54603306 -1
C 23 0.0125 1.0398123 0.70162701 0.24860471 0.81017154 0.62236094 0.30761317 -1
C 24 0.0125 0.18085392 0.74102301 0.85634812 0.2564994 0.96711087 0.93159464 -1
C 25 0.0125 0.71457892 0.86943828 0.088285951 0.79036548 0.84238412 0.32498084 -1
C 26 0.0125 0.9202876 0.57680981 0.67173898 0.73822009 0.71239959 0.56701633 -1
C 27 0.0125 0.62047542 0.86661035 0.44642494 0.40924937 0.96988846 0.3614709 -1
C 28 0.0125 0.29348763 0.73980555 0.56606576 0.45771254 0.87994795 0.69212244 -1
C 29 0.0125 0.67969774 0.66236059 0.70042879 0.88600655 0.52119086 0.70321892 -1
C 30 0.0125 0.85506885 0.79537785 0.42880747 1.0022223 0.82317014 0.62899098 -1
C 31 0.0125 0.41467947 0.12708917 0.40825136 0.25788427 0.31557806 0.35939235 -1
C 32 0.0125 0.68440438 0.61108314 0.49370075 0.62974834 0.59839968 0.25007841 -1
C 33 0.0125 0.76928797 0.95268639 0.48622985 0.83991061 0.74663663 0.60893249 -1
C 34 0.0125 0.31302541 0.87127077 0.65414323 0.53039673 0.78774086 0.56319016 -1
C 35 0.0125 0.79307101 1.0012051 0.55109871 0.78737808 0.96559026 0.30371404 -1
C 36 0.0125 0.32156248 0.040859186 0.96905941 0.50642296 0.015522137 0.8026724 -1
C 37 0.0125 0.57690519 0.66260461 0.27500491 0.73193251 0.83960719 0.35948343 -1
C 38 0.0125 0.88626542 0.67056912 0.7191083 0.77928005 0.51891085 0.55161532 -1
C 39 0.0125 0.25484897 0.72116294 0.56805109 0.32981802 0.79268678 0.79556808 -1
C 40 0.0125 0.92894337 0.38425259 0.72175887 0.97186107 0.63009004 0.70685858 -1
C 41 0.0125 0.71138856 0.47209369 0.43457387 0.93038337 0.39024186 0.52312639 -1
C 42 0.0125 0.44292687 -0.0024740701 0.19522376 0.22570705 0.10563035 0.25546482 -1
C 43 0.0125 0.89517729 0.39335629 0.79665007 1.0234579 0.23678691 0.64991866 -1
C 44 0.0125 0.62694881 0.17405778 0.82743418 0.75071328 0.11522229 1.0365292 -1
C 45 0.0125 -0.027004348 0.10032211 0.90606773 0.073016928 0.23441023 0.72028258 -1
C 46 0.0125 0.88799232 0.62282197 0.90898086 1.1098755 0.69985987 0.82334782 -1
C 47 0.0125 0.91816277 1.0219242 0.29946726 0.81989859 0.95902291 0.52057262 -1
C 48 0.0125 0.19678477 0.12388735 0.12596073 0.2411575 0.174764 -0.11475201 -1
C 49 0.0125 0.17167254 0.36490929 0.41292342 0.40061665 0.37190872 0.51310127 -1
C 50 0.0125 1.0507332 0.51349611 0.59829521 0.80894107 0.5725728 0.57491788 -1
C 51 0.0125 0.17915447 0.21213421 0.38826214 0.16785107 0.2706161 0.1454616 -1
C 52 0.0125 0.85819408 0.91952617 0.56677623 0.61385459 0.96792353 0.58812829 -1
C 53 0.0125 0.92368153 -0.10326371 0.18863259 0.92191638 0.14500578 0.15932137 -1
C 54 0.0125 0.78920763 0.83934903 0.4056527 0.68744049 0.66628828 0.55462729 -1
C 55 0.0125 0.15596163 0.44723224 0.86944096 0.063108147 0.44322802 0.63735866 -1
C 56 0.0125 0.58798105 0.83942966 0.34238627 0.80107019 0.95312836 0.27784464 -1
C 57 0.0125 0.34788927 0.8638647 0.080836881 0.58018132 0.91261116 0.0023245338 -1
C 58 0.0125 0.14850197 0.42893713 0.53338251 0.11236893 0.64219403 0.65874557 -1
C 59 0.0125 0.80761371 0.51917415 0.33910714 0.60052076 0.54821375 0.47610791 -1
C 60 0.0125 0.89211878 0.8948427 0.28358176 0.81827923 0.72987709 0.45630717 -1
C 61 0.0125 0.34240448 0.91054898 0.67550556 0.58618036 0.89227076 0.72784319 -1
C 62 0.0125 0.22068226 0.58865208 0.32151713 0.18943324 0.83062291 0.37604799 -1
C 63 0.0125 0.33563613 0.16513123 0.42974841 0.45011217 0.16077522 0.65195611 -1
C 64 0.0125 0.86914636 0.48225355 0.94674392 0.66532027 0.54959314 0.81860217 -1
C 65 0.0125 0.93793986 0.67228729 0.24832092 0.6949957 0.61846449 0.22421205 -1
C 66 0.0125 0.22144721 0.70300053 0.6355215 0.28851019 0.74367898 0.87289846 -1
C 67 0.0125 0.2014437 0.86739515 0.41147803 0.24994225 1.0752043 0.28123496 -1
C 68 0.0125 0.5568048 0.37249535 0.95849891 0.63285487 0.13501645 0.97639193 -1
C 69 0.0125 0.98670903 0.82740299 0.9074765 0.83968232 0.62844847 0.94353537 -1
C 70 0.0125 0.36467917 0.81814621 0.64873696 0.41167813 0.88980304 0.88359095 -1
C 71 0.0125 0.052137328 0.22679533 0.22860305 0.21082789 0.41139086 0.28553981 -1
C 72 0.0125 0.10254731 0.38610822 1.0092602 -0.019506591 0.57965525 0.90855072 -1
C 73 0.0125 0.57928792 0.28735004 0.43991039 0.37170982 0.42292357 0.40779881 -1
C 74 0.0125 0.53128595 0.2527141 0.12147957 0.70735493 0.18112805 -0.04092472 -1
C 75 0.0125 -0.10425815 0.47981477 0.51171278 0.11103756 0.50383418 0.38692968 -1
C 76 0.0125 0.45039895 0.51162091 0.1735458 0.23607977 0.59349693 0.074230104 -1
C 77 0.0125 1.0273426 0.63780252 0.51539626 0.80727061 0.68226856 0.62535568 -1
C 78 0.0125 0.91844849 0.82157485 0.59597369 0.79631127 0.61068368 0.5402295 -1
C 79 0.0125 -0.016769699 -0.04792567 0.3466418 0.13486855 0.13246842 0.43009127 -1
C 80 0.0125 0.57881013 0.5108462 0.42984524 0.78639405 0.377493 0.47016695 -1
C 81 0.0125 0.2424412 0.40443767 0.51310502 -0.0057442441 0.4152343 0.48504403 -1
C 82 0.0125 0.72979968 0.12130353 0.59340044 0.48756397 0.16407747 0.63803504 -1
C 83 0.0125 0.75338977 0.81471229 0.17834588 0.95449911 0.93726631 0.26222403 -1
C 84 0.0125 0.46001453 1.0195745 0.42538566 0.52009418 0.84292344 0.59177326 -1
C 85 0.0125 0.37241816 0.30205536 0.45735592 0.26734301 0.14028416 0.61638199 -1
C 86 0.0125 0.58045506 0.56886844 0.46673129 0.75656221 0.71923769 0.37252216 -1
C 87 0.0125 0.59946811 0.41565051 0.86640862 0.42885301 0.27563873 0.74898976 -1
C 88 0.0125 0.85544592 0.3892785 0.57674918 1.0253387 0.21290619 0.62704092 -1
C 89 0.0125 0.57050923 0.99614546 0.063956615 0.50239119 0.77146132 0.14984589 -1
C 90 0.0125 0.047332843 0.34494166 0.1262129 -0.0089742124 0.51108914 -0.051900919 -1
C 91 0.0125 0.69516648 0.41940231 0.58253203 0.72294464 0.59317801 0.76009999 -1
C 92 0.0125 0.83164732 0.36603728 0.28958964 0.98802426 0.17321766 0.26014736 -1
C 93 0.0125 0.93095366 0.52500314 0.44705412 0.88788561 0.74734835 0.5529208 -1
C 94 0.0125 0.68442896 0.87723944 0.59387283 0.85305576 0.7846281 0.75352289 -1
C 95 0.0125 0.50275432 0.92500806 0.97300624 0.66021706 0.73202649 0.95147483 -1
C 96 0.0125 0.99404411 0.69942642 0.48132872 0.77594656 0.81475867 0.5217259 -1
C 97 0.0125 0.88844059 0.055174325 0.44803374 0.88616423 0.0059113551 0.20294605 -1
C 98 0.0125 0.86021856 0.58734863 0.32385741 0.62620636 0.53178038 0.39205169 -1
C 99 0.0125 0.10910083 0.12686364 0.34964305 0.08147255 0.35643893 0.25460695 -1
C 100 0.0125 0.63267802 0.67027839 0.71193868 0.7963333 0.6686456 0.52295644 -1
C 101 0.0125 0.57324263 0.90338004 0.55391766 0.81287783 0.8384313 0.58318593 -1
C 102 0.0125 0.74074307 0.48464632 0.7301595 0.80007373 0.46839397 0.4878462 -1
C 103 0.0125 0.34258548 0.65218083 0.66886087 0.26165653 0.76799676 0.46261545 -1
C 104 0.0125 0.90378288 0.30203966 0.90065747 0.81773345 0.11891474 0.75382164 -1
C 105 0.0125 0.76203654 0.4392145 0.74592204 0.73838389 0.47253562 0.49928414 -1
C 106 0.0125 0.52644302 0.12827597 0.93328143 0.56989803 -0.1133644 0.98041525 -1
C 107 0.0125 0.25537551 0.75215731 0.42676796 0.41960461 0.68820523 0.60407823 -1
C 108 0.0125 0.75636247 0.90183707 0.5106887 0.84409873 1.0804721 0.66198935 -1
C 109 0.0125 0.58576936 0.25623625 0.3214337 0.51039713 0.4617939 0.44211958 -1
C 110 0.0125 0.85164448 0.17248348 0.1870858 0.75178776 0.20004808 0.41461345 -1
C 111 0.0125 0.46511219 0.61653103 0.17913891 0.27423042 0.45528832 0.18719744 -1
C 112 0.0125 0.86887428 0.7846789 0.17511155 0.64201828 0.73981832 0.27010567 -1
C 113 0.0125 0.43398583 0.23616473 0.24586928 0.59128006 0.050187512 0.30218093 -1
C 114 0.0125 0.78349509 0.5230661 0.40919962 0.89668652 0.74347598 0.37592521 -1
C 115 0.0125 0.82521102 0.13544609 0.3488065 0.83338806 -0.035232174 0.16631796 -1
C 116 0.0125 0.93495619 0.84248798 0.025889558 0.77558732 1.0350905 0.028305643 -1
C 117 0.0125 0.99936337 0.52531063 0.64103766 0.77996994 0.40995131 0.60849922 -1
C 118 0.0125 0.914442 0.76413322 0.46403504 0.82313271 0.53141427 0.46191316 -1
C 119 0.0125 0.17486174 0.76707012 0.21661062 0.34080413 0.60474978 0.30942887 -1
C 120 0.0125 0.7922836 0.59601585 0.45229367 0.54557551 0.5696945 0.42159668 -1
C 121 0.0125 0.6529209 0.2317402 0.3674952 0.44995966 0.1033336 0.29807993 -1
C 122 0.0125 0.087019318 0.78958534 0.48535255 0.082355667 0.60215435 0.65072448 -1
C 123 0.0125 1.0406179 0.12413197 0.51552656 0.94595971 0.22372251 0.72438428 -1
C 124 0.0125 0.61909824 0.91938331 0.16624065 0.47515335 0.78105331 0.31672214 -1
C 125 0.0125 0.059245211 0.19365491 0.33340542 0.014075507 0.20484949 0.579036 -1
C 126 0.0125 0.86321616 0.024519229 0.31666184 0.73019829 0.0032536117 0.52726578 -1
C 127 0.0125 0.15430042 0.47059429 0.44650648 0.017851547 0.5492408 0.64066218 -1
C 128 0.0125 0.76375865 0.60023157 0.28207161 0.88067802 0.67810409 0.075272839 -1
C 129 0.0125 0.60474548 0.90153949 0.76248532 0.82289456 0.88949399 0.88400027 -1
C 130 0.0125 0.45191832 0.64798674 0.35905529 0.29129092 0.65969744 0.16784416 -1
C 131 0.0125 0.57963852 0.79284195 0.71301496 0.59430214 0.68214779 0.93669281 -1
C 132 0.0125 0.46827717 0.84613843 0.75414967 0.3070491 0.65993988 0.71130565 -1
C 133 0.0125 0.33921698 0.92467351 0.819342 0.37278726 0.74371963 0.65014174 -1
C 134 0.0125 0.57779131 0.22070374 0.7038306 0.66657715 0.13780012 0.48532645 -1
C 135 0.0125 0.49584009 0.90794592 0.34921089 0.67322188 1.0802029 0.31228878 -1
C 136 0.0125 0.62596721 0.20638159 0.19306974 0.72238876 0.40971483 0.084173108 -1
C 137 0.0125 0.58250443 0.40713697 0.50434793 0.6287733 0.65271469 0.49722206 -1
C 138 0.0125 0.50440814 0.92463621 0.84978228 0.29820082 0.97570955 0.98157778 -1
C 139 0.0125 0.39179215 0.73551826 0.40398738 0.38220993 0.5511565 0.57256651 -1
C 140 0.0125 0.73338288 0.88312442 0.59436675 0.96497212 0.83654995 0.51253008 -1
C 141 0.0125 0.34969235 1.004763 0.46036618 0.1496111 0.85508716 0.45232574 -1
C 142 0.0125 0.74588805 0.83563795 0.62399294 0.84666245 0.68229711 0.45419569 -1
C 143 0.0125 0.12120011 0.86340039 0.30887692 0.028116764 0.72034944 0.49155675 -1
C 144 0.0125 0.94150677 0.72730241 0.82778326 0.78477687 0.73216292 0.63307292 -1
C 145 0.0125 1.0618856 0.056773666 0.72778342 0.88664256 0.03278762 0.90445981 -1
C 146 0.0125 0.74860548 0.55492519 0.44375806 0.70502405 0.74725665 0.29010497 -1
C 147 0.0125 0.91226959 0.93286854 0.41864772 0.78468589 1.0164358 0.2205596 -1
C 148 0.0125 0.26535337 0.029355439 1.0186429 0.23439977 0.1525777 0.8033335 -1
C 149 0.0125 0.67254693 1.103097 -0.0050596185 0.69812534 0.85634601 0.025919527 -1
C 150 0.0125 0.81306842 0.88835093 0.33602352 0.9059966 0.98281804 0.1240322 -1
C 151 0.0125 0.076110567 0.0012234236 0.54663731 0.014242943 0.11654964 0.33362966 -1
C 152 0.0125 0.85112084 0.62369018 0.55655701 0.88631418 0.86719176 0.51219024 -1
C 153 0.0125 0.25893207 0.29495709 0.79988852 0.079595856 0.23434789 0.96318288 -1
C 154 0.0125 0.17844407 -0.026032966 0.77592405 0.21553637 0.16521812 0.61924865 -1
C 155 0.0125 0.232214 0.94481703 0.62122818 0.19282727 0.72795071 0.73920142 -1
C 156 0.0125 0.55035372 0.18752523 0.40754202 0.63687163 -0.039307652 0.46722027 -1
C 157 0.0125 0.73729508 0.82300836 0.53559395 0.70261217 0.92990717 0.31227861 -1
C 158 0.0125 0.9512207 0.41126195 0.13806369 0.70902856 0.45201397 0.091349255 -1
C 159 0.0125 0.59766365 0.95526013 0.67838936 0.83191911 0.87051094 0.65736669 -1
C 160 0.0125 0.17925092 0.5589726 0.14269581 0.31288655 0.76926475 0.12223293 -1
C 161 0.0125 0.70163416 0.54828151 0.52740798 0.89121671 0.48030516 0.67552169 -1
C 162 0.0125 0.49939509 0.064322487 0.29692609 0.42028395 0.045426872 0.060527311 -1
C 163 0.0125 0.66361946 0.20803517 0.63345473 0.84653577 0.050335597 0.69804938 -1
C 164 0.0125 0.65126558 0.81483135 0.61921973 0.83316417 0.78035085 0.45121974 -1
C 165 0.0125 0.56438947 0.41892209 0.52401103 0.32852562 0.47797809 0.58215423 -1
C 166 0.0125 0.43610106 0.32652737 0.86930157 0.31777201 0.31307914 0.64948942 -1
C 167 0.0125 0.79762277 0.65474962 0.49830613 0.82829127 0.78321498 0.28604192 -1
C 168 0.0125 0.97204472 0.51479578 0.30747603 1.0237954 0.28958933 0.21206155 -1
C 169 0.0125 0.062564642 0.41646586 0.24517 0.27800088 0.53157792 0.19191175 -1
C 170 0.0125 0.70002338 0.63615294 0.10182854 0.58255848 0.8346492 0.0053856577 -1
C 171 0.0125 0.74938679 0.5886155 0.66890131 0.74059767 0.65318816 0.42754448 -1
C 172 0.0125 0.0026798426 0.29835954 0.15548025 0.03628532 0.13233603 0.33934668 -1
C 173 0.0125 0.88724239 -0.027070892 0.39901555 0.98132548 0.031490579 0.17491976 -1
C 174 0.0125 0.48429609 0.88865755 0.67913868 0.60539145 1.0404987 0.52172142 -1
C 175 0.0125 0.94153834 0.93802699 0.20936133 0.7693599 1.0606735 0.34282451 -1
C 176 0.0125 0.708321 0.92864206 0.52399334 0.88905012 0.91920026 0.35151772 -1
C 177 0.0125 0.10230315 0.4199651 0.87339137 0.21367945 0.20525056 0.93658144 -1
C 178 0.0125 1.0039522 0.2215631 0.16468449 0.89188933 0.40696644 0.28945432 -1
C 179 0.0125 0.75983513 0.71809658 0.46094936 0.75124409 0.77947981 0.7031441 -1
C 180 0.0125 0.43126621 1.024121 0.1166062 0.62306658 0.86779334 0.15230336 -1
C 181 0.0125 0.930463 1.0832022 0.1357075 0.99326361 0.88152895 0.2694385 -1
C 182 0.0125 0.78385897 0.65260964 0.5659258 0.76672465 0.50211105 0.76481418 -1
C 183 0.0125 0.84964038 0.57549987 0.44157896 0.7441933 0.79020491 0.36889705 -1
C 184 0.0125 0.05675193 0.007025289 0.70932185 0.24935059 0.16637906 0.70583887 -1
C 185 0.0125 0.73218654 0.10037292 0.92660533 0.88569468 0.26491912 1.035508 -1
C 186 0.0125 0.12231913 0.33513559 0.77791699 0.038962999 0.15367166 0.9283251 -1
C 187 0.0125 0.83205478 0.79474947 0.62021228 0.98114463 0.78704999 0.82074391 -1
C 188 0.0125 0.15428538 0.26978535 -0.014692245 0.060999728 0.36119265 0.1984802 -1
C 189 0.0125 0.90444184 1.0332641 0.079664031 1.0866818 0.94638272 0.22710974 -1
C 190 0.0125 0.95714477 0.47755877 0.57769968 0.7243809 0.51643825 0.4951808 -1
C 191 0.0125 0.76344361 0.070531685 0.42516967 0.91996086 0.037552864 0.23303756 -1
C 192 0.0125 0.69606124 0.21974647 0.8776538 0.74848524 0.26976776 1.1169227 -1
C 193 0.0125 0.14708243 0.16853071 0.94255325 0.11371329 0.32261024 0.74852748 -1
C 194 0.0125 0.10733168 0.90864238 0.28339337 0.32551913 0.85867122 0.39473571 -1
C 195 0.0125 0.90173056 0.72981254 0.58263637 0.99895645 0.6540397 0.36513787 -1
C 196 0.0125 0.98889373 0.48110115 0.60566353 0.74337428 0.5036414 0.56428558 -1
C 197 0.0125 0.82123872 0.93362481 0.34062022 1.0369529 0.99246999 0.22879615 -1
C 198 0.0125 0.94943295 0.35771686 0.71626517 1.0299269 0.53206453 0.87633896 -1
C 199 0.0125 0.50047636 0.27623767 0.44196174 0.38535916 0.15247687 0.25775724 -1
