200 
 2.900000
C 0 0.0125 0.91983211 0.72474234 0.52757198 0.77080227 0.65386554 0.71536598 -1
C 1 0.0125 0.42322447 0.19600587 0.027320309 0.39198692 0.036436475 0.21721982 -1
C 2 0.0125 0.73975146 0.20132415 0.18507786 0.54624839 0.077758605 0.086142946 -1
C 3 0.0125 0.71582646 1.0934071 0.1696057 0.65616221 0.89697391 0.026937603 -1
C 4 0.0125 0.29505749 -0.011813438 0.85972887 0.31211284 0.20873387 0.97621063 -1
C 5 0.0125 0.48300319 0.53281248 0.58813261 0.44555992 0.58362865 0.83003283 -1
C 6 0.0125 0.63862843 0.75047028 1.0467019 0.45729346 0.85010748 0.90638063 -1
C 7 0.0125 0.8359504 0.84423456 0.57791117 0.78986395 0.62187552 0.47335259 -1
C 8 0.0125 0.49787184 0.95918398 0.61024439 0.73467579 1.0225527 0.65931878 -1
C 9 0.0125 0.018112408 0.30349988 0.6351766 0.067800947 0.4627443 0.8213815 -1
C 10 0.0125 0.66571112 0.088189765 0.41221667 0.76076507 0.31067077 0.47520041 -1
C 11 0.0125 0.44414525 0.48722407 0.88435417 0.34624499 0.65499882 1.0417301 -1
C 12 0.0125 0.94256282 0.043538058 0.28201988 1.056091 -0.04302897 0.48724536 -1
C 13 0.0125 0.83041306 0.031349755 0.35989145 0.60849659 -0.025975515 0.26005712 -1
C 14 0.0125 0.28011091 0.80085453 0.29297501 0.38587417 0.71923178 0.50428488 -1
C 15 0.0125 0.99538627 0.35902423 0.37840399 0.88253822 0.46622662 0.57403877 -1
C 16 0.0125 0.66717951 0.38053047 0.47745888 0.61304114 0.60407874 0.37950375 -1
C 17 0.0125 0.73157412 1.000288 0.72206155 0.68840317 0.7719062 0.62998537 -1
C 18 0.0125 0.23355365 0.22244403 -0.051054419 0.15759528 0.10086206 0.15375806 -1
C 19 0.0125 0.26206598 0.41414162 0.74514249 0.16827204 0.61042453 0.62195273 -1
C 20 0.0125 0.61900687 0.12104475 0.70444218 0.60522148 0.02463506 0.47419202 -1
C 21 0.0125 0.35352549 0.45005377 0.32828927 0.58687527 0.36397843 0.35356608 -1
C 22 0.0125 1.0618803 0.8634966 0.51109132 0.86382446 0.71247323 0.53267459 -1
C 23 0.0125 0.30709391 0.90311608 0.8492063 0.2059133 0.92640002 0.62178523 -1
C 24 0.0125 0.77746276 0.0068033489 0.96171904 0.53539466 0.0060262269 0.89924958 -1
C 25 0.0125 0.6518813 0.9096004 0.3435837 0.50344003 0.97352364 0.15285088 -1
C 26 0.0125 0.88384862 0.51226389 0.44274459 0.80623408 0.69055823 0.59986591 -1
C 27 0.0125 0.45127286 0.8329544 0.30476901 0.27870186 0.82720224 0.12397586 -1
C 28 0.0125 0.05758519 0.99471774 0.91103996 0.23584801 0.84082414 0.99493947 -1
C 29 0.0125 0.81664377 0.52834541 0.59870901 0.97570544 0.48831708 0.41003702 -1
C 30 0.0125 0.28665078 0.63842809 0.80146837 0.14645879 0.46276192 0.91095628 -1
C 31 0.0125 0.74571432 0.048127744 0.62914735 0.57267612 0.082951316 0.80619283 -1
C 32 0.0125 0.66779716 0.47081958 0.41413127 0.85645249 0.55902341 0.27582274 -1
C 33 0.0125 0.79285849 0.93458471 0.5798755 0.78732597 0.68506732 0.56536826 -1
C 34 0.0125 0.7890095 0.50588244 0.79124134 0.54858249 0.473392 0.73091536 -1
C 35 0.0125 0.90988259 0.88393304 0.58240756 0.80459941 1.0458451 0.42366266 -1
C 36 0.0125 0.02868704 0.75986177 0.94366664 0.11514281 0.533448 0.8823298 -1
C 37 0.0125 0.5032208 0.59991543 0.36452011 0.60107905 0.46516511 0.17806336 -1
C 38 0.0125 0.94757589 0.5920157 0.55346463 0.72066823 0.51349711 0.48383891 -1
C 39 0.0125 0.29825411 0.9820744 0.92071194 0.06887733 0.88935906 0.88479316 -1
C 40 0.0125 0.21198614 0.68979868 0.45083206 0.34123848 0.70303499 0.23724687 -1
C 41 0.0125 0.72828049 0.46284358 0.3922642 0.91243356 0.55181504 0.53604086 -1
C 42 0.0125 0.41426199 0.23420794 0.90056736 0.51430887 0.018189827 0.82423389 -1
C 43 0.0125 0.47169193 0.36923056 0.26892222 0.47539049 0.22658262 0.47419737 -1
C 44 0.0125 0.15854703 0.55034582 0.91087838 0.40644033 0.57822325 0.89439331 -1
C 45 0.0125 0.036584238 0.40316001 0.15685171 -0.028504049 0.17037224 0.093028746 -1
C 46 0.0125 0.10070735 0.82430643 0.13654669 0.20075169 0.61138063 0.22112643 -1
C 47 0.0125 0.92429323 0.93043288 0.34844866 0.88197119 0.97631556 0.59053052 -1
C 48 0.0125 1.0743744 0.43501035 0.83092965 0.87165103 0.3367174 0.7225703 -1
C 49 0.0125 0.38676489 0.74477764 0.13915507 0.233736 0.55011914 0.10465541 -1
C 50 0.0125 0.53645418 0.58363859 0.4513713 0.78417002 0.59234438 0.48394537 -1
C 51 0.0125 0.52360989 0.96540891 -0.0852819 0.48661514 0.9194947 0.15766516 -1
C 52 0.0125 0.84703256 0.84965662 0.64821198 0.60292716 0.90113717 0.6320161 -1
C 53 0.0125 0.80333021 -0.084520395 0.25573893 0.94765696 0.11922194 0.26834244 -1
C 54 0.0125 0.72065813 0.7729097 0.41131766 0.65167334 0.62737637 0.60252736 -1
C 55 0.0125 0.15183049 0.92080841 0.10267668 0.16752185 0.7718132 -0.097458799 -1
C 56 0.0125 0.56880344 0.11631795 0.37931247 0.8155306 0.083020092 0.40204926 -1
C 57 0.0125 0.11022621 0.75780647 0.40654485 0.15707214 0.94620304 0.56406372 -1
C 58 0.0125 0.80949228 0.045466804 -0.056311514 0.8931032 -0.0040721396 0.17402543 -1
C 59 0.0125 0.76874763 0.64944524 0.32765911 0.65392978 0.43423244 0.38243423 -1
C 60 0.0125 0.81585531 0.95900728 0.42708217 0.75612632 0.716378 0.43504964 -1
C 61 0.0125 0.22641299 0.16834902 0.75576878 0.047634142 0.19539514 0.58312281 -1
C 62 0.0125 0.67565833 0.1653023 0.2952798 0.74207355 -0.063256572 0.37176419 -1
C 63 0.0125 -0.10041487 -0.030886979 0.89444843 0.13229203 0.040736459 0.83772469 -1
C 64 0.0125 0.55013569 0.92804477 0.64953382 0.50287453 0.73422937 0.49886207 -1
C 65 0.0125 0.60956361 -0.0066011835 0.058574661 0.74240703 0.10207157 0.24035161 -1
C 66 0.0125 0.21644508 1.0505187 0.98897752 0.074565317 0.93508603 0.81855033 -1
C 67 0.0125 0.413804 0.87879547 1.0042782 0.47608061 0.73156055 0.81207131 -1
C 68 0.0125 0.22852518 0.80250038 0.091200391 0.47173566 0.83430996 0.042859782 -1
C 69 0.0125 0.28888072 0.60228899 0.40165834 0.29593712 0.85194563 0.39062343 -1
C 70 0.0125 0.22700996 0.91200696 0.90688758 0.27761586 0.73566356 0.73705811 -1
C 71 0.0125 0.94751053 0.55619764 0.36209676 0.98619514 0.44217283 0.58118999 -1
C 72 0.0125 0.29110234 0.31355041 1.042436 0.25389544 0.11555676 0.89440165 -1
C 73 0.0125 0.34829463 0.65741713 0.32134108 0.21125008 0.8646458 0.3491812 -1
C 74 0.0125 0.96720452 0.33660104 0.10040468 1.0018411 0.10745337 0.1941685 -1
C 75 0.0125 0.91127705 0.12545094 0.45655083 0.96927798 0.2557667 0.25123718 -1
C 76 0.0125 0.87731057 0.087556161 0.58714128 0.81726178 0.32680582 0.62780753 -1
C 77 0.0125 0.94510636 0.69622753 0.60783041 0.7874648 0.59400019 0.44291009 -1
C 78 0.0125 0.90418337 0.76455783 0.57718079 0.73888056 0.59051616 0.50729175 -1
C 79 0.0125 0.78186907 0.55353151 0.17504701 0.72818641 0.35566198 0.3181058 -1
C 80 0.0125 0.78043517 0.54069854 0.36453774 0.71590034 0.30109426 0.39495236 -1
C 81 0.0125 0.11039641 0.48363979 0.70591311 0.061886155 0.45921647 0.46188389 -1
C 82 0.0125 0.96472533 -0.048562845 0.47724339 0.94331679 0.12340402 0.29705163 -1
C 83 0.0125 0.63581617 0.93049331 0.2267726 0.84699965 0.93013995 0.36056877 -1
C 84 0.0125 0.36571589 0.96838546 0.82655287 0.41468251 1.0073934 1.0685873 -1
C 85 0.0125 0.18250581 0.65504428 0.6087173 0.38421679 0.80045501 0.63457077 -1
C 86 0.0125 0.59921799 0.37466285 0.46323727 0.69122874 0.47633111 0.25419759 -1
C 87 0.0125 0.5427799 0.27287744 0.63949253 0.69374501 0.076418963 0.67286327 -1
C 88 0.0125 0.64720394 0.90263431 0.50167171 0.76346629 0.94903475 0.71807426 -1
C 89 0.0125 0.80180259 0.24395609 0.3734362 0.92699793 0.12170256 0.19488591 -1
C 90 0.0125 0.012088563 0.58248715 0.92265929 0.099222626 0.46300409 0.72108684 -1
C 91 0.0125 0.97538827 0.56431264 0.5371353 0.77688846 0.42536141 0.59870134 -1
C 92 0.0125 0.61538464 -0.02223435 0.46137836 0.57044156 0.059364456 0.2293832 -1
C 93 0.0125 0.86498375 0.53975259 0.37372115 0.88068283 0.7530823 0.50311965 -1
C 94 0.0125 0.64481653 0.69936774 0.6386036 0.62106879 0.90411356 0.78007867 -1
C 95 0.0125 0.94642348 0.49881139 0.88171211 0.99538888 0.2909505 0.75172658 -1
C 96 0.0125 0.86908858 0.61990169 0.47891371 0.74743869 0.83640821 0.50765795 -1
C 97 0.0125 0.96378849 0.042711477 0.4481262 0.81398379 0.0028221326 0.25199514 -1
C 98 0.0125 0.74248638 0.71523734 0.29384507 0.70249304 0.47072911 0.32725555 -1
C 99 0.0125 0.93352657 0.9844638 0.47263427 0.95251027 0.93980014 0.22738995 -1
C 100 0.0125 0.85114337 0.51610766 0.70612631 0.71943709 0.65777674 0.54774915 -1
C 101 0.0125 0.61393711 0.86093525 0.71997127 0.76445021 0.8019964 0.52925677 -1
C 102 0.0125 0.73145731 0.48337553 0.29874999 0.69786207 0.31690183 0.4822108 -1
C 103 0.0125 0.51485987 0.82565897 0.89698726 0.75799012 0.8133464 0.95387381 -1
C 104 0.0125 0.5613587 0.54796204 0.7672819 0.58842491 0.71048429 0.95530833 -1
C 105 0.0125 0.75976264 0.44824307 0.50046351 0.55360992 0.58825403 0.52041305 -1
C 106 0.0125 0.68711264 0.21120813 0.56047862 0.6311895 0.016304086 0.41424245 -1
C 107 0.0125 0.33506592 0.19946878 0.89533954 0.38003569 -0.015270262 0.77548602 -1
C 108 0.0125 0.80293326 0.94164793 0.68297904 0.68195956 0.72302614 0.67461968 -1
C 109 0.0125 0.36413444 0.9465752 1.0361826 0.33399629 0.91218455 0.79040022 -1
C 110 0.0125 0.42621548 0.75168137 0.59230118 0.42079612 0.63064995 0.81098366 -1
C 111 0.0125 0.73217437 0.9208762 0.26412985 0.57646176 0.73532926 0.20227585 -1
C 112 0.0125 0.62582684 0.34084242 0.30410552 0.45712524 0.32208882 0.12056241 -1
C 113 0.0125 -0.02933372 0.75030442 0.50555376 0.19473477 0.65116856 0.55520651 -1
C 114 0.0125 0.78114991 0.59948063 0.25796319 0.84280271 0.79929896 0.39497256 -1
C 115 0.0125 1.0229022 0.062231151 0.36425027 0.79597342 0.032615493 0.26362096 -1
C 116 0.0125 0.19306417 0.8645823 0.61837683 0.21901781 0.85718696 0.866916 -1
C 117 0.0125 0.84543619 0.32519848 0.4811599 0.63742825 0.46377019 0.48668984 -1
C 118 0.0125 0.82858027 0.76722231 0.48201536 0.86330939 0.59129211 0.3078245 -1
C 119 0.0125 0.75343067 0.54389989 0.37767401 0.57479845 0.71111089 0.42896741 -1
C 120 0.0125 0.78606015 0.53367518 0.44492731 0.56675243 0.52288246 0.32539639 -1
C 121 0.0125 0.11340574 0.18663634 0.43438315 0.33821099 0.094112893 0.37605639 -1
C 122 0.0125 0.14371119 0.020753632 0.38802443 -0.099107165 0.075194859 0.41201193 -1
C 123 0.0125 0.67061397 0.56935657 0.41085926 0.49375033 0.42783567 0.51664718 -1
C 124 0.0125 0.55617805 0.8732865 0.72027914 0.58506832 0.62606957 0.74371286 -1
C 125 0.0125 0.55046726 0.59696837 0.17064477 0.59227793 0.5350688 -0.067935009 -1
C 126 0.0125 0.89121994 0.019783722 0.41339936 0.98291045 0.033218816 0.64558969 -1
C 127 0.0125 0.36992214 0.38367559 0.98039489 0.20893718 0.57336077 0.95583126 -1
C 128 0.0125 0.34792898 0.6713513 0.95505314 0.21378383 0.72233823 0.75034503 -1
C 129 0.0125 0.44959964 0.90624667 0.644774 0.22285332 0.9701332 0.56108043 -1
C 130 0.0125 0.00036847521 0.23523797 0.54118301 0.24401541 0.27376415 0.58182666 -1
C 131 0.0125 0.053282974 0.11773507 0.58309744 0.28681639 0.15964153 0.50431932 -1
C 132 0.0125 0.78330113 0.54545326 0.73076205 0.9354836 0.5692376 0.92767523 -1
C 133 0.0125 0.076743239 0.84757884 0.95650921 0.25157937 0.94017197 0.80367322 -1
C 134 0.0125 0.374506 0.46632117 0.9820963 0.57255556 0.50480281 0.83446318 -1
C 135 0.0125 0.68981783 -0.024225107 0.22167624 0.86410533 0.14822329 0.27051695 -1
C 136 0.0125 0.63541509 0.67916483 0.38212732 0.44885197 0.51276368 0.37992269 -1
C 137 0.0125 0.66554163 0.38467845 0.49112331 0.70134906 0.44703897 0.25168858 -1
C 138 0.0125 0.78724364 0.44075519 0.0026894832 0.67853227 0.51262074 0.21603704 -1
C 139 0.0125 0.79660684 0.051676154 0.80290822 0.65035852 0.15752349 0.97584685 -1
C 140 0.0125 0.69466368 0.77668264 0.57064705 0.92358473 0.84076766 0.64803091 -1
C 141 0.0125 0.99466157 1.0143681 0.25212696 0.93956739 0.9080291 0.47157317 -1
C 142 0.0125 0.71763079 0.73054386 0.66946243 0.78348978 0.68519065 0.43259605 -1
C 143 0.0125 0.7839792 0.34220845 0.22122159 0.68612499 0.19507417 0.39807197 -1
C 144 0.0125 0.55231556 1.0342068 0.69866618 0.68115097 0.82021001 0.70900154 -1
C 145 0.0125 1.0080343 0.92397048 -0.0014335111 0.78121069 0.83603477 0.056171745 -1
C 146 0.0125 0.81350709 0.53552642 0.25923635 0.57001817 0.56084066 0.30995455 -1
C 147 0.0125 0.77784219 0.1012726 0.5420822 0.76648365 0.034056701 0.30155568 -1
C 148 0.0125 0.97144931 0.25399437 0.61054682 0.81740489 0.13002976 0.45756613 -1
C 149 0.0125 0.47208968 0.22545563 0.41045223 0.3562897 0.44431039 0.44499151 -1
C 150 0.0125 0.75818593 0.99137428 0.43192217 0.83585991 0.97212166 0.19507604 -1
C 151 0.0125 0.55828469 0.79728585 0.22488423 0.40796572 0.97078438 0.32389164 -1
C 152 0.0125 0.89134025 0.63157136 0.47830789 0.82328664 0.8602293 0.55303573 -1
C 153 0.0125 -0.0048196071 -0.0069122443 0.92786077 0.21789436 0.10168585 0.89462005 -1
C 154 0.0125 0.94899801 0.20061418 0.15846598 0.96145363 -0.013159348 0.28748433 -1
C 155 0.0125 0.88651804 0.25372996 0.74407314 0.98872251 0.46922405 0.81901673 -1
C 156 0.0125 0.83781166 0.3247986 0.86482599 0.81968368 0.36819898 0.61929028 -1
C 157 0.0125 0.72266877 0.85773345 0.57874896 0.86518247 0.88314813 0.37492566 -1
C 158 0.0125 0.96898604 -0.0072094665 0.35882601 0.78368351 0.15877351 0.33407476 -1
C 159 0.0125 0.64683781 0.82316536 0.87496308 0.69080092 0.92744309 0.65204291 -1
C 160 0.0125 0.85241355 0.18248744 0.039099213 0.91768375 0.34066588 0.22136107 -1
C 161 0.0125 0.81621201 0.39007708 0.45539452 0.58370027 0.4635488 0.40025655 -1
C 162 0.0125 0.27869738 -0.022895482 1.0233956 0.39436269 0.067478518 0.82102449 -1
C 163 0.0125 0.42844374 0.59381729 0.16977259 0.60947886 0.76612324 0.1636945 -1
C 164 0.0125 0.63148011 0.76139766 0.6531682 0.783168 0.73710808 0.45593535 -1
C 165 0.0125 0.8748903 0.11655433 0.29102237 0.86975425 0.083031013 0.043333438 -1
C 166 0.0125 0.45296274 0.78650948 0.2351644 0.45909888 0.59985966 0.068959133 -1
C 167 0.0125 0.78411524 0.61863671 0.34093357 0.75629712 0.85161831 0.42722219 -1
C 168 0.0125 0.59046042 0.1658143 0.2058027 0.72473995 0.37623739 0.21962771 -1
C 169 0.0125 0.31750011 -0.03413145 0.85987758 0.32935719 0.19385263 0.75798221 -1
C 170 0.0125 0.1741107 0.73415596 0.42554441 0.30377566 0.88247461 0.57945535 -1
C 171 0.0125 0.73065685 0.49098958 0.52071696 0.71050142 0.71645061 0.62683522 -1
C 172 0.0125 0.83977156 0.050028149 0.19200675 0.87276452 0.16529439 0.41138122 -1
C 173 0.0125 0.87859118 0.95628039 0.46354097 0.93196921 0.96904474 0.21963965 -1
C 174 0.0125 0.42847453 0.27783094 0.68877959 0.26268342 0.29544854 0.50249237 -1
C 175 0.0125 0.81971767 -0.074865635 0.28747438 0.8918673 0.12994751 0.41135338 -1
C 176 0.0125 0.83551842 0.93135504 0.60959407 0.59243722 0.87298706 0.61176434 -1
C 177 0.0125 0.048825616 0.23883432 0.95490627 0.093743781 -0.00245822 1.0024485 -1
C 178 0.0125 0.82449347 0.38651177 1.0123482 0.60352563 0.35421381 0.89996472 -1
C 179 0.0125 0.70243733 0.68211736 0.48053837 0.76319708 0.70036592 0.72235492 -1
C 180 0.0125 0.45559502 0.11045821 0.92956514 0.29921943 -0.080049454 0.88769029 -1
C 181 0.0125 0.89333751 1.0911654 0.22168317 0.88145866 0.84653392 0.27182614 -1
C 182 0.0125 0.77911595 0.64239396 0.55165937 0.81395833 0.39749735 0.5154425 -1
C 183 0.0125 0.72575244 0.63927431 0.35670273 0.74487351 0.8847829 0.3998295 -1
C 184 0.0125 0.536717 0.12664334 0.92643995 0.56830158 0.34131085 0.80226155 -1
C 185 0.0125 0.27180115 0.13954785 0.060498552 0.12986882 0.29215026 0.19858445 -1
C 186 0.0125 0.38526334 0.13287044 -0.10140317 0.3614982 0.17921449 0.14311155 -1
C 187 0.0125 0.55984803 0.96352523 0.70965217 0.5864316 0.7165758 0.68120416 -1
C 188 0.0125 1.0105345 0.85451279 0.091843635 0.97265342 1.0681155 0.21609705 -1
C 189 0.0125 0.79759236 -0.061061804 0.20254514 0.81239262 0.18678903 0.23171562 -1
C 190 0.0125 0.8895655 0.41012361 0.53063313 0.70207648 0.53953338 0.42767206 -1
C 191 0.0125 0.80958636 0.092682748 0.44445642 1.0373315 -0.00017157286 0.48929215 -1
C 192 0.0125 0.28997151 0.46463142 0.59874059 0.25399413 0.68502545 0.48634798 -1
C 193 0.0125 0.053268878 0.45000046 0.96576748 0.074900375 0.64622148 0.81237456 -1
C 194 0.0125 0.75586663 0.33083571 0.62166392 0.81246052 0.46889463 0.42107263 -1
C 195 0.0125 0.81567259 0.72798087 0.5594761 0.81287617 0.84212405 0.78188005 -1
C 196 0.0125 0.81929523 0.32079314 0.37885965 0.68743426 0.520424 0.45138692 -1
C 197 0.0125 0.78595768 1.0106211 0.40521232 0.95888163 0.87178828 0.28978809 -1
C 198 0.0125 0.75988255 0.38505484 0.037249139 0.53523737 0.35390846 0.1424368 -1
C 199 0.0125 0.8968425 0.18485251 0.56527529 1.071858 0.32340528 0.67784843 -1
