200 
 5.800000
C 0 0.0125 0.83859705 0.64956804 0.85395629 0.87067171 0.89714076 0.86733401 -1
C 1 0.0125 0.43819759 0.66759958 -0.054561771 0.55234084 0.82077987 0.10670545 -1
C 2 0.0125 0.68125648 0.98710899 0.35799293 0.54551015 0.77899371 0.38557853 -1
C 3 0.0125 0.90277274 0.48136299 0.61498505 0.65360265 0.49918625 0.62481343 -1
C 4 0.0125 0.77541944 0.36732175 0.32175465 0.74549284 0.53446725 0.50523975 -1
C 5 0.0125 0.31705542 0.49793643 0.21809266 0.12514702 0.42218222 0.076910279 -1
C 6 0.0125 0.78029163 0.5792211 0.35260719 0.9868258 0.60999675 0.49007173 -1
C 7 0.0125 0.89029268 0.81961242 0.67571973 0.73935985 0.73691347 0.85704861 -1
C 8 0.0125 0.42173354 0.69051485 0.78821373 0.6518377 0.60659101 0.83830229 -1
C 9 0.0125 0.15968277 0.13591923 0.86338322 0.25920889 0.36268478 0.82914966 -1
C 10 0.0125 0.23168683 0.22773046 0.099915953 0.39048472 0.20258022 -0.091527763 -1
C 11 0.0125 0.84454604 0.26649372 0.16095888 0.98360385 0.22881367 -0.0433525 -1
C 12 0.0125 0.82014125 0.5536142 0.25223358 0.98509232 0.68075791 0.11393817 -1
C 13 0.0125 0.8659186 0.57201072 0.55831021 0.63681903 0.65446824 0.50161678 -1
C 14 0.0125 0.8806268 0.67525622 0.49793821 1.0284214 0.47582174 0.46822881 -1
C 15 0.0125 0.84648498 0.4208111 0.2609235 0.76063966 0.46300434 0.029946634 -1
C 16 0.0125 0.02118839 0.14200703 0.57848405 0.17761672 -0.046549942 0.52872015 -1
C 17 0.0125 0.99711903 0.94008001 0.53732488 0.77441601 0.93822569 0.6509027 -1
C 18 0.0125 0.36834903 0.24994881 0.91688328 0.3959286 0.46983192 1.0326018 -1
C 19 0.0125 0.63594284 0.027656454 1.0872211 0.71094605 0.1345189 0.87401946 -1
C 20 0.0125 0.9892686 0.5352784 0.10483615 0.76718388 0.64987796 0.11156789 -1
C 21 0.0125 0.8557844 0.46474148 0.24738331 0.93787802 0.25925522 0.36372778 -1
C 22 0.0125 0.90515066 0.59586526 0.596673 0.8680564 0.74831062 0.79131222 -1
C 23 0.0125 0.63588117 0.075254818 0.69314104 0.57533003 0.16525744 0.91838111 -1
C 24 0.0125 0.92261269 0.96777508 0.68119427 0.86718459 0.77633259 0.53027211 -1
C 25 0.0125 0.86064636 0.79458622 0.62420955 0.63602237 0.7260973 0.53845799 -1
C 26 0.0125 0.78101132 0.66252927 0.9580493 0.7048843 0.83936254 0.79856678 -1
C 27 0.0125 0.14140333 0.22457414 0.27429527 -0.074552521 0.28268482 0.16255351 -1
C 28 0.0125 0.99791652 0.91199551 0.7347703 0.79322397 0.96626681 0.86764462 -1
C 29 0.0125 0.76837393 0.84506413 1.0785942 0.84600566 0.70383386 0.88747297 -1
C 30 0.0125 0.7757505 0.13995154 0.41571724 0.7844188 0.36100295 0.53216951 -1
C 31 0.0125 0.60037226 0.84723035 0.66592442 0.36768072 0.91065432 0.73174273 -1
C 32 0.0125 0.38026909 0.54784201 0.14284162 0.55484072 0.55605932 -0.035924211 -1
C 33 0.0125 0.87128785 0.7481397 0.5518553 0.77944239 0.79731294 0.77911375 -1
C 34 0.0125 -0.041674193 0.076893972 0.76352991 0.20705411 0.10026819 0.77290414 -1
C 35 0.0125 0.61513735 0.4482386 0.53589994 0.39259519 0.5235405 0.45043291 -1
C 36 0.0125 0.95225506 0.40407365 0.61761912 0.95323705 0.38345517 0.86676549 -1
C 37 0.0125 0.89661344 0.96307716 0.60623955 0.70904514 0.94565105 0.77060032 -1
C 38 0.0125 0.82859883 0.78172068 0.82761117 0.67965443 0.74185238 1.0244006 -1
C 39 0.0125 0.91157061 0.95483269 0.98767126 0.98628452 0.94062188 0.74952029 -1
C 40 0.0125 0.11503816 0.33971254 0.66598355 0.057779579 0.39119058 0.42813598 -1
C 41 0.0125 0.64689286 0.67948847 0.11646358 0.80431397 0.71333812 -0.074776572 -1
C 42 0.0125 0.40059116 1.0462704 0.71337535 0.36920251 0.95096218 0.48439699 -1
C 43 0.0125 0.18402791 0.29517612 0.9470386 0.094642744 0.064525425 0.91083708 -1
C 44 0.0125 0.42674755 0.55760618 0.68997324 0.55081531 0.34153954 0.66942094 -1
C 45 0.0125 0.76587911 0.43464604 0.73220863 0.76672171 0.42581507 0.48236607 -1
C 46 0.0125 0.34004183 0.17888762 0.81040388 0.27736355 0.28988423 0.595343 -1
C 47 0.0125 0.47409855 0.5765959 0.11266352 0.49774238 0.41963017 -0.080475629 -1
C 48 0.0125 0.50219108 0.78954601 0.4969502 0.27518311 0.85938619 0.41891347 -1
C 49 0.0125 0.76914146 0.81882303 0.46194199 0.73821026 0.59442826 0.56772598 -1
C 50 0.0125 0.93347383 0.53401266 0.94829395 0.78709862 0.72327692 1.0207739 -1
C 51 0.0125 0.72932544 0.83378024 0.59651073 0.89177974 0.86733843 0.40947478 -1
C 52 0.0125 0.9017437 0.82214038 0.60443946 0.66474557 0.81070381 0.52569246 -1
C 53 0.0125 0.82215732 0.44493145 0.4708618 0.77050783 0.45710951 0.22655866 -1
C 54 0.0125 0.70036117 0.66272891 0.65672383 0.71153841 0.90372172 0.72227941 -1
C 55 0.0125 0.25588154 0.045500649 0.60122352 0.017905538 -0.0038554602 0.65980166 -1
C 56 0.0125 0.54525868 0.78203774 0.23158769 0.41803749 0.63500836 0.074434479 -1
C 57 0.0125 0.88403923 0.40804066 0.027040882 1.0106182 0.20370102 0.095765561 -1
C 58 0.0125 0.35225885 0.7839 0.29205469 0.41116725 0.65111355 0.49551859 -1
C 59 0.0125 0.88058595 0.38445752 0.71989726 0.99660288 0.50397611 0.53346932 -1
C 60 0.0125 0.88081767 0.59194365 0.59783421 0.68207063 0.68267679 0.71935421 -1
C 61 0.0125 0.25337342 0.53222693 0.21129408 0.28803223 0.44406968 0.44265325 -1
C 62 0.0125 0.38565252 0.7970019 0.085805049 0.58553421 0.68340385 0.18400277 -1
C 63 0.0125 1.0123377 0.19029038 0.266087 0.92197936 0.36771148 0.41727272 -1
C 64 0.0125 0.73712898 0.74164288 0.2050095 0.74042681 0.49904424 0.26530069 -1
C 65 0.0125 0.21501665 0.27105202 0.46808328 0.078445774 0.46780177 0.53976264 -1
C 66 0.0125 0.16271663 -0.033883806 0.98736277 0.092561502 0.039464784 0.75889342 -1
C 67 0.0125 0.98692143 0.21155192 0.70364236 0.85174813 0.39753932 0.60547482 -1
C 68 0.0125 0.71807816 0.66293137 0.36837749 0.9251262 0.57692135 0.47898214 -1
C 69 0.0125 0.26677944 0.3927198 0.84681031 0.064959418 0.26775817 0.92525311 -1
C 70 0.0125 0.55568135 0.5233556 0.56267942 0.36185808 0.36545522 0.56257881 -1
C 71 0.0125 0.98153985 0.39249237 0.025300706 0.77609752 0.52071204 0.087374575 -1
C 72 0.0125 0.53760469 0.18686159 0.067051219 0.39119776 0.027022522 0.1916164 -1
C 73 0.0125 0.044973008 0.36995321 0.87826274 0.056625258 0.19426092 1.0557351 -1
C 74 0.0125 0.68926993 0.16519037 0.75739087 0.65031988 0.22332168 0.51738328 -1
C 75 0.0125 0.030442873 0.27646907 0.31441349 0.037706004 0.20480728 0.55381239 -1
C 76 0.0125 0.78899651 0.84748352 0.29463511 0.80474993 0.67173215 0.11753829 -1
C 77 0.0125 0.62913102 0.62474972 1.0713127 0.71903421 0.77263482 0.89090368 -1
C 78 0.0125 0.88605752 0.76698129 0.75501718 0.64621987 0.71325024 0.80074328 -1
C 79 0.0125 0.4927441 0.73051908 -0.035157051 0.6526602 0.75112073 0.15589899 -1
C 80 0.0125 0.58790614 0.67208502 0.69705183 0.6525422 0.72328452 0.93306198 -1
C 81 0.0125 0.21862957 0.86285631 0.12247531 0.22078671 1.101204 0.04707153 -1
C 82 0.0125 0.081098034 0.41387432 0.029023014 -0.071894272 0.61014462 0.052925446 -1
C 83 0.0125 0.72632019 0.62589919 0.70954883 0.86578391 0.50355789 0.54197056 -1
C 84 0.0125 0.87944957 0.80937104 0.481583 0.65348996 0.71093271 0.43972431 -1
C 85 0.0125 1.0077267 1.0623724 0.54730821 0.88815276 0.91662477 0.38311411 -1
C 86 0.0125 0.24871214 0.95712143 0.10117252 0.24106165 0.73305002 0.21177755 -1
C 87 0.0125 0.7540102 0.081696529 0.2122936 0.92083818 -0.060283369 0.091835582 -1
C 88 0.0125 0.37967922 0.45022542 -0.061792917 0.52305485 0.34341717 0.11295097 -1
C 89 0.0125 0.76960713 0.93740078 0.33747464 0.63897174 1.0592873 0.16260877 -1
C 90 0.0125 0.013448973 0.85985138 0.45000463 0.20025206 0.80436295 0.60661128 -1
C 91 0.0125 0.87984483 0.7144674 0.89947912 0.70401499 0.69524762 1.0761553 -1
C 92 0.0125 0.96056937 0.64356085 -0.036320805 0.77611061 0.50836062 0.064653777 -1
C 93 0.0125 0.64431544 0.54639053 0.80449626 0.82894372 0.7145463 0.81615959 -1
C 94 0.0125 0.88975196 0.84978922 0.63217353 0.66237047 0.90209908 0.54238857 -1
C 95 0.0125 0.7788044 0.2503183 0.63645891 0.57077219 0.37949635 0.58610384 -1
C 96 0.0125 0.81687383 0.61966263 0.88359976 0.80550259 0.75066877 0.67097783 -1
C 97 0.0125 0.77375373 0.48305278 0.38258232 0.8373865 0.67235451 0.53296757 -1
C 98 0.0125 0.6340031 0.65028918 0.9587426 0.60307406 0.64752581 0.71067858 -1
C 99 0.0125 0.66831015 0.69936466 0.63745833 0.47524552 0.62154869 0.49899996 -1
C 100 0.0125 0.78366337 0.84840695 0.96737411 0.71547895 0.80901929 0.73009896 -1
C 101 0.0125 0.61032414 0.85207936 0.58547055 0.84595138 0.82384343 0.66409968 -1
C 102 0.0125 0.70243759 0.66552845 0.27500514 0.75124621 0.56342332 0.052087532 -1
C 103 0.0125 0.33147932 0.81284981 0.098262034 0.48296164 0.97780422 0.20936177 -1
C 104 0.0125 0.70965668 0.61789763 1.0428036 0.57698418 0.7360869 0.8669363 -1
C 105 0.0125 0.87223553 0.50257944 -0.0067943407 0.7025474 0.6851963 0.012100575 -1
C 106 0.0125 0.73455254 0.31173326 0.42691286 0.51418959 0.28687754 0.54233541 -1
C 107 0.0125 0.5402741 1.0122845 0.14946971 0.46932007 0.81363896 0.015285274 -1
C 108 0.0125 0.61647652 0.82788154 0.47208635 0.74231078 0.88684289 0.264266 -1
C 109 0.0125 0.29147863 0.43012096 0.49447853 0.35357627 0.2447917 0.33860375 -1
C 110 0.0125 0.77777548 0.92251188 1.0339344 0.55472182 1.000693 0.95248026 -1
C 111 0.0125 0.24293047 0.52154801 0.41374131 0.45146308 0.53560206 0.27656757 -1
C 112 0.0125 0.79394301 0.71101995 0.83550584 0.80158119 0.84711874 1.0450739 -1
C 113 0.0125 0.71098572 0.22780432 -0.050597228 0.65518988 0.21092855 0.19251187 -1
C 114 0.0125 0.67157889 0.53546608 0.76556594 0.84610028 0.6878989 0.67172288 -1
C 115 0.0125 0.33989781 0.73467234 0.55236618 0.34415727 0.97035307 0.46908084 -1
C 116 0.0125 0.58407021 0.6614667 0.79223087 0.44621276 0.85666205 0.71878636 -1
C 117 0.0125 0.58918674 0.44321519 0.99431749 0.75543602 0.61944648 0.93264326 -1
C 118 0.0125 0.8333881 0.65838979 0.77324072 0.58727002 0.61641302 0.76044072 -1
C 119 0.0125 0.68367254 0.7883271 0.6717164 0.65891504 0.64958979 0.46522421 -1
C 120 0.0125 0.57118749 0.59141768 0.75997738 0.65875192 0.66101929 0.53639723 -1
C 121 0.0125 0.11700633 0.61598742 0.72333612 0.0065264206 0.67974606 0.93834548 -1
C 122 0.0125 0.84796621 0.11609433 0.17915062 0.7108518 0.29625394 0.28517964 -1
C 123 0.0125 0.4905043 0.59146073 0.73711303 0.62270124 0.59255426 0.52492732 -1
C 124 0.0125 0.40458264 0.35580824 0.056840275 0.3413156 0.59574288 0.087314062 -1
C 125 0.0125 0.68849706 0.16594807 0.29914141 0.63708461 0.40999466 0.31640473 -1
C 126 0.0125 0.84812683 0.10384298 0.8246561 0.72428513 0.24290051 0.65784412 -1
C 127 0.0125 0.40716217 0.20798869 0.43597041 0.53198269 0.091253716 0.61843352 -1
C 128 0.0125 0.36397295 1.0572927 0.43667983 0.28437397 0.92168286 0.24232457 -1
C 129 0.0125 0.44102961 0.24514885 1.0833738 0.32960925 0.1546211 0.87870276 -1
C 130 0.0125 0.30043437 0.21241705 0.34141684 0.15989385 0.075860678 0.18617277 -1
C 131 0.0125 0.71628088 0.99579993 0.62112348 0.70681296 0.84329637 0.42325226 -1
C 132 0.0125 0.86233074 0.65273486 0.86641016 0.76430462 0.62050705 1.094121 -1
C 133 0.0125 0.64826531 0.58217429 0.92804936 0.46672884 0.69976351 1.053418 -1
C 134 0.0125 0.58028107 0.6868066 0.9925061 0.55095395 0.5219333 0.8068809 -1
C 135 0.0125 0.85826257 0.072077748 0.23677686 0.97135539 0.1719242 0.037426158 -1
C 136 0.0125 0.6058062 0.29197281 0.37549325 0.80704881 0.14589089 0.40121263 -1
C 137 0.0125 0.78526183 0.97640535 0.49338036 0.6849149 0.91870169 0.71496732 -1
C 138 0.0125 0.50847458 0.27512072 0.86014637 0.50586206 0.18782126 1.0943941 -1
C 139 0.0125 0.35797579 1.004226 0.35415597 0.5609265 0.88720023 0.44142558 -1
C 140 0.0125 0.77315938 0.82010557 0.61180127 0.96182652 0.75034357 0.76025321 -1
C 141 0.0125 0.50791226 0.74801326 0.62386849 0.26844792 0.80375266 0.57859216 -1
C 142 0.0125 0.81903043 0.89381289 0.65676005 0.74389482 0.67738565 0.75682948 -1
C 143 0.0125 0.081975142 0.023598122 0.2664218 0.040098502 0.11400074 0.037132219 -1
C 144 0.0125 -0.027039097 0.57425178 0.64507134 0.035633424 0.67640635 0.4256708 -1
C 145 0.0125 0.89159765 0.82103114 0.91764281 1.0808625 0.82395401 1.0809532 -1
C 146 0.0125 0.77216562 0.079293076 0.82194499 0.6686683 0.23487591 0.98802415 -1
C 147 0.0125 0.22581519 0.019161751 0.63535953 0.44464024 0.086313665 0.53482985 -1
C 148 0.0125 0.67700453 0.036381408 0.37814952 0.76069109 0.029402318 0.14267585 -1
C 149 0.0125 0.32403836 0.87040879 0.43825396 0.42090231 0.92908401 0.21537598 -1
C 150 0.0125 0.8414644 0.67132683 0.5664199 0.72553176 0.45003888 0.57597318 -1
C 151 0.0125 0.73812142 0.094828863 0.4849732 0.70552453 0.17605694 0.25079497 -1
C 152 0.0125 0.7110973 0.6989357 0.86442493 0.90139928 0.74701838 0.70959208 -1
C 153 0.0125 0.97918822 0.58292407 0.69990739 0.73848088 0.55010176 0.75892157 -1
C 154 0.0125 0.40571271 0.36167702 -0.060935973 0.39251367 0.23315672 0.1530928 -1
C 155 0.0125 0.12812036 0.54691063 0.54076957 -0.043519061 0.64589206 0.38831438 -1
C 156 0.0125 0.33844644 0.49836815 0.76826316 0.47926733 0.61262142 0.94035519 -1
C 157 0.0125 0.7811968 0.75195549 0.63450721 0.59918005 0.89838659 0.54546883 -1
C 158 0.0125 0.82412548 0.85154404 0.34739176 1.0385886 0.78973009 0.23476589 -1
C 159 0.0125 0.65864459 0.80906834 0.66911446 0.67600048 0.74867974 0.42713927 -1
C 160 0.0125 0.92538958 0.083894865 0.4976207 0.82649357 0.26300335 0.64128605 -1
C 161 0.0125 0.74353278 0.68630518 0.13186506 0.74013077 0.50799892 -0.043335701 -1
C 162 0.0125 0.64937572 0.30271451 0.15219843 0.81548987 0.40178134 -0.0062056493 -1
C 163 0.0125 0.11437341 0.41414654 0.49369234 0.11239561 0.24467363 0.30991252 -1
C 164 0.0125 0.73540344 0.93834372 0.6585266 0.74596377 0.69510162 0.71528715 -1
C 165 0.0125 0.52518912 0.9532323 0.34413719 0.29156731 1.0177052 0.28278499 -1
C 166 0.0125 0.18495507 0.54065328 0.77548359 0.071116352 0.65733234 0.58594008 -1
C 167 0.0125 0.65045267 0.6404766 0.70420246 0.86822377 0.64577234 0.58153338 -1
C 168 0.0125 0.095190841 0.75670928 0.36898032 0.011954091 0.68460456 0.14454201 -1
C 169 0.0125 0.29711808 0.15097562 0.19592953 0.084498273 0.031919239 0.14008694 -1
C 170 0.0125 0.32943465 0.5914436 0.86608523 0.31908708 0.79491738 0.72120132 -1
C 171 0.0125 0.62396439 0.83739955 0.78198898 0.69162631 0.66492445 0.94984071 -1
C 172 0.0125 0.65684261 0.38954299 0.37792965 0.87031766 0.27551824 0.31526581 -1
C 173 0.0125 0.87545803 0.55604545 0.49980574 0.63392204 0.59846576 0.45121683 -1
C 174 0.0125 1.0329701 0.24362116 0.32986854 0.84363976 0.16625689 0.473635 -1
C 175 0.0125 0.80786099 0.46115284 0.52124517 0.87020523 0.70317704 0.52736772 -1
C 176 0.0125 0.71219766 0.74178952 0.65409678 0.93126107 0.64653695 0.58035282 -1
C 177 0.0125 0.82428477 0.58362683 -0.039674138 0.59496371 0.62695282 0.049962407 -1
C 178 0.0125 0.52490357 0.96207602 0.96996382 0.33908771 0.82471123 0.87455218 -1
C 179 0.0125 0.69010916 0.75992098 0.75706888 0.89017459 0.90191678 0.70899586 -1
C 180 0.0125 0.23642246 0.34663052 0.62876119 0.38041151 0.26324759 0.81534748 -1
C 181 0.0125 -0.056514277 0.89496367 0.28602985 0.095232686 0.78445035 0.45113486 -1
C 182 0.0125 0.69022283 0.77258925 0.84008094 0.72961883 0.84044381 1.0774492 -1
C 183 0.0125 0.62733416 0.54524672 0.76175645 0.76273084 0.66059026 0.58607604 -1
C 184 0.0125 0.63925315 0.41734461 0.66999202 0.82237945 0.57793284 0.72634961 -1
C 185 0.0125 0.66673028 0.60015735 0.7309801 0.44951958 0.51954545 0.82490152 -1
C 186 0.0125 0.94634445 0.2319737 0.59557596 0.97769775 0.033625961 0.74448917 -1
C 187 0.0125 0.65128042 0.60248905 0.69348878 0.4685184 0.48048395 0.81270621 -1
C 188 0.0125 0.043433824 0.3294205 0.34752135 0.14852489 0.12649545 0.44889833 -1
C 189 0.0125 0.92166741 0.7947384 0.60506516 0.70354303 0.80310599 0.48319745 -1
C 190 0.0125 0.79110538 0.70300784 0.26452362 0.82779142 0.55378637 0.067325526 -1
C 191 0.0125 0.23291182 0.71831914 0.65778484 0.42354146 0.60104664 0.76917382 -1
C 192 0.0125 0.51135269 0.83262237 0.89667817 0.42674866 1.0678528 0.8996467 -1
C 193 0.0125 0.17812642 0.54278774 0.54476631 0.26344405 0.77711904 0.52716683 -1
C 194 0.0125 0.87758657 1.0615396 0.73970503 0.9390589 0.81985747 0.75733776 -1
C 195 0.0125 0.79351295 0.73858612 0.83454548 1.0392143 0.78209353 0.81912011 -1
C 196 0.0125 0.80301731 0.45271484 -0.00096589143 0.66469992 0.64616139 0.076149154 -1
C 197 0.0125 0.86840354 0.67256214 0.55248146 0.90296114 0.42793181 0.51424831 -1
C 198 0.0125 0.97214647 0.96476458 0.38564105 0.87559742 0.88864394 0.60331956 -1
C 199 0.0125 0.093430548 0.35999908 0.3410893 0.067996323 0.20160078 0.53282631 -1
