200 
 6.600000
C 0 0.0125 -0.001219784 0.55991209 -0.011154891 0.18398079 0.63478819 0.13915917 -1
C 1 0.0125 0.45078068 0.96430643 0.40408602 0.53888908 0.7526102 0.50369333 -1
C 2 0.0125 0.34053708 0.55428075 0.43282936 0.42092201 0.71697437 0.6047859 -1
C 3 0.0125 0.52206269 0.64363029 0.61870363 0.72561428 0.61319072 0.76061975 -1
C 4 0.0125 0.90894885 0.49694735 0.69648278 0.82966109 0.52394513 0.46093115 -1
C 5 0.0125 0.30942681 0.81860828 -0.014999968 0.52595219 0.82958771 0.10948381 -1
C 6 0.0125 0.77300286 0.83496808 0.62189894 0.97962823 0.70628006 0.56493097 -1
C 7 0.0125 1.0076769 0.7221659 0.69419202 0.84884201 0.83642417 0.84980861 -1
C 8 0.0125 0.81758539 0.083175432 0.72415153 0.71764116 -0.068750467 0.89570231 -1
C 9 0.0125 0.98964203 0.38409675 0.56391729 0.88183724 0.2219241 0.72069152 -1
C 10 0.0125 0.19937217 0.083796049 0.45607338 0.35426766 -0.065104948 0.32826149 -1
C 11 0.0125 0.6312496 0.13411099 0.99331978 0.7745627 0.33525866 0.95457743 -1
C 12 0.0125 0.68166894 0.21995622 0.44994241 0.68146948 0.45400815 0.53780397 -1
C 13 0.0125 0.79805274 0.60764163 0.64192682 0.67771753 0.79125041 0.5223139 -1
C 14 0.0125 0.77864894 0.59102286 0.67228316 0.74674187 0.42546681 0.48769406 -1
C 15 0.0125 0.45627342 1.0825559 0.23559336 0.59301958 0.87327027 0.23546077 -1
C 16 0.0125 0.62714143 0.98636628 0.74363923 0.85853751 0.90337994 0.78912683 -1
C 17 0.0125 0.91166197 0.53698588 0.62052691 1.0397481 0.7512525 0.63408279 -1
C 18 0.0125 0.83488496 0.65669213 0.18293757 0.84083805 0.43461344 0.2975919 -1
C 19 0.0125 0.5930534 0.56704585 0.077825734 0.39976046 0.43577647 0.16674247 -1
C 20 0.0125 0.24891053 0.82226384 0.3361408 0.15173715 1.0056288 0.4755489 -1
C 21 0.0125 0.14572168 0.44269476 0.31246944 0.16229018 0.41361578 0.064719769 -1
C 22 0.0125 0.82278473 0.60059754 0.65307404 0.94715106 0.72707084 0.82924874 -1
C 23 0.0125 0.44782211 0.71465637 0.61982093 0.62199345 0.70134064 0.44097174 -1
C 24 0.0125 0.15607168 0.90518886 0.48825536 0.21714841 0.73041553 0.3202556 -1
C 25 0.0125 0.95756745 0.74747655 0.58356082 0.79724368 0.93473012 0.62518279 -1
C 26 0.0125 0.81514664 0.72809776 0.94687979 0.94860398 0.89994061 0.8237572 -1
C 27 0.0125 0.91169676 0.2798725 0.73219579 0.7833318 0.43651212 0.87877842 -1
C 28 0.0125 0.69518215 0.19717179 0.031899815 0.87758079 0.096978509 0.17043516 -1
C 29 0.0125 0.88224797 0.71035463 1.0575145 1.0043224 0.7443119 0.84200411 -1
C 30 0.0125 0.77636682 0.27456271 0.64512356 1.0095688 0.18715064 0.62330649 -1
C 31 0.0125 0.43341137 0.57094408 0.32471833 0.6667117 0.59390156 0.23786263 -1
C 32 0.0125 0.17132772 0.60653871 0.30324629 0.19694227 0.36030936 0.26838941 -1
C 33 0.0125 0.94363988 0.69372776 0.56678538 0.91936411 0.81578227 0.78361108 -1
C 34 0.0125 0.46244856 0.23507973 0.46463606 0.68662223 0.23304134 0.35399244 -1
C 35 0.0125 0.84602049 0.64296057 0.45013582 0.95451137 0.81523806 0.30504897 -1
C 36 0.0125 -0.012481015 0.27424027 0.40627983 0.056053829 0.21742381 0.63989246 -1
C 37 0.0125 0.23581221 0.48786955 0.58678271 0.38963967 0.37781909 0.4233018 -1
C 38 0.0125 0.96669897 0.77601253 0.82890924 0.80254404 0.81579907 1.0132193 -1
C 39 0.0125 0.38974284 0.61867419 0.72959346 0.4481539 0.81514062 0.58645335 -1
C 40 0.0125 0.47778487 0.63274027 1.0621324 0.34822847 0.61325294 0.84921137 -1
C 41 0.0125 0.79284724 0.60198724 0.097246666 0.87037393 0.75772354 -0.082296692 -1
C 42 0.0125 0.18092643 0.466156 0.35969131 0.16881381 0.376101 0.5925934 -1
C 43 0.0125 0.6702583 0.3638345 0.21796441 0.81361005 0.31789281 0.4175631 -1
C 44 0.0125 0.90399566 0.16441736 0.45032863 0.86016405 0.37776938 0.32761063 -1
C 45 0.0125 0.60054199 0.58426174 0.68921522 0.8294384 0.49254696 0.64804689 -1
C 46 0.0125 0.32260854 0.16771156 0.31828725 0.12169579 0.27332248 0.42307466 -1
C 47 0.0125 0.61876894 0.17863122 0.6986896 0.66859435 0.35629286 0.86737206 -1
C 48 0.0125 1.0327511 0.83743542 0.03729989 0.83077006 0.96942371 0.1027425 -1
C 49 0.0125 0.87092328 0.73068393 0.51777869 1.0966834 0.81998288 0.4581293 -1
C 50 0.0125 0.49973416 0.60858692 0.25393045 0.27475703 0.70141006 0.31110699 -1
C 51 0.0125 1.0064805 0.64106888 0.40562816 0.8560495 0.74271392 0.57749672 -1
C 52 0.0125 1.0121734 0.70973523 0.60539034 0.87816553 0.91734488 0.56744146 -1
C 53 0.0125 0.68639216 0.58883434 0.31010688 0.46369035 0.66890515 0.39068335 -1
C 54 0.0125 0.77319418 0.83276977 0.67147886 1.0062077 0.90518641 0.72588944 -1
C 55 0.0125 0.70442392 0.58675231 0.031666305 0.69566035 0.36473164 0.14625261 -1
C 56 0.0125 0.82977207 0.88284213 0.43273421 0.67607449 0.76990964 0.59436127 -1
C 57 0.0125 0.72053773 0.13242524 0.88653586 0.4765996 0.13997694 0.94073142 -1
C 58 0.0125 0.2068139 0.44961324 0.31721713 0.04483001 0.31669268 0.45357454 -1
C 59 0.0125 0.20949322 0.25538434 0.51372936 0.0096667711 0.33437374 0.38594022 -1
C 60 0.0125 0.80738041 0.62641471 0.65509909 0.79641343 0.85729413 0.75035884 -1
C 61 0.0125 0.36153631 0.49570057 0.96721871 0.36545995 0.73714785 0.90250534 -1
C 62 0.0125 0.7553291 0.17089412 0.40646586 0.54544728 0.035291594 0.39861899 -1
C 63 0.0125 0.32177602 0.64956677 0.013723247 0.52552815 0.78527097 0.064412916 -1
C 64 0.0125 0.8112639 0.38440791 0.33065502 1.0217265 0.48647936 0.24241158 -1
C 65 0.0125 0.95752575 0.0014006854 0.37173792 1.0118946 0.10120904 0.5944088 -1
C 66 0.0125 0.54139088 0.13061471 0.051688159 0.46955267 0.36458022 0.00070378116 -1
C 67 0.0125 0.12797214 0.96291675 0.47481684 -0.050690767 0.78804696 0.47446727 -1
C 68 0.0125 1.0016697 0.71224235 0.52477206 0.77268307 0.6119256 0.52607367 -1
C 69 0.0125 0.26152363 0.018771538 0.31902238 0.094233542 0.19241563 0.25297878 -1
C 70 0.0125 -0.034206276 0.9719119 0.0061203726 0.1116535 0.89107131 0.19237215 -1
C 71 0.0125 0.22420335 0.60782198 0.48622653 0.31021056 0.37960936 0.43125603 -1
C 72 0.0125 0.35108793 0.039941662 0.35468341 0.55329491 0.1731384 0.29246633 -1
C 73 0.0125 -0.01106622 0.92311782 0.29218116 0.10079377 0.71301753 0.21572718 -1
C 74 0.0125 0.25036328 0.34375699 0.28829811 0.43126149 0.48149961 0.39223467 -1
C 75 0.0125 0.16330067 0.20920973 0.27294462 0.065051633 0.16805352 0.49911556 -1
C 76 0.0125 0.67041358 0.54435048 0.35403262 0.60402398 0.42005994 0.1475277 -1
C 77 0.0125 0.73722275 0.76931535 1.0575629 0.88291872 0.85718037 0.87438965 -1
C 78 0.0125 0.97190347 0.70286792 0.76883435 0.78364398 0.86721133 0.77587769 -1
C 79 0.0125 0.98065947 0.88901947 0.1771391 0.92676099 0.85929664 0.41944367 -1
C 80 0.0125 0.75040152 0.87655519 0.75348685 0.83497376 0.98225777 0.96366416 -1
C 81 0.0125 0.16091897 0.25835663 0.81653728 -0.046532597 0.33262613 0.93463845 -1
C 82 0.0125 0.70473511 0.13573204 0.32781117 0.78277711 0.0076184293 0.1278203 -1
C 83 0.0125 0.74746683 0.79470271 0.74569018 0.73264591 0.58278932 0.6138833 -1
C 84 0.0125 0.77725388 0.76186744 0.54710029 0.98518563 0.84816972 0.43839748 -1
C 85 0.0125 0.70349485 0.90305493 0.16424008 0.90725468 1.0320119 0.098270265 -1
C 86 0.0125 1.0176508 0.86406163 0.35887785 0.80275743 0.99165117 0.36533946 -1
C 87 0.0125 0.0090996435 0.28743988 0.7880016 0.010350739 0.29877532 0.53826185 -1
C 88 0.0125 1.1062474 0.37563305 0.0019841652 0.86213162 0.32862293 0.028394838 -1
C 89 0.0125 0.086525538 1.0597632 0.04425099 0.051897152 0.82080925 -0.02057094 -1
C 90 0.0125 0.65464378 0.10268621 0.28881202 0.42059841 0.038553206 0.34889299 -1
C 91 0.0125 0.45928447 0.84118536 0.7718103 0.30650459 0.72050493 0.92863677 -1
C 92 0.0125 0.65959256 0.063464875 0.99770176 0.49466786 0.23194285 0.91454518 -1
C 93 0.0125 0.66333243 0.79400262 0.85093862 0.90367327 0.73067499 0.82399622 -1
C 94 0.0125 0.26754022 0.63190211 0.43970732 0.082273535 0.71690693 0.58444997 -1
C 95 0.0125 0.5040059 0.24727196 0.74961936 0.6736582 0.31328383 0.57827022 -1
C 96 0.0125 0.83437487 0.69168516 0.91611619 0.90310568 0.73646328 0.67995736 -1
C 97 0.0125 0.96932812 0.75922223 0.43899317 0.76065253 0.67425357 0.54732055 -1
C 98 0.0125 0.85381537 0.84612075 0.98638041 0.71303461 0.89909653 0.7866948 -1
C 99 0.0125 0.46311697 0.13369491 0.5347373 0.66759396 0.21971373 0.65001925 -1
C 100 0.0125 0.97949263 0.78217095 0.94999629 0.90937929 0.87976331 0.73077072 -1
C 101 0.0125 0.98805326 1.0064984 0.64375178 0.98179796 0.75758035 0.66612733 -1
C 102 0.0125 0.16569854 0.090274431 0.19711479 0.22090009 0.016037198 0.42936815 -1
C 103 0.0125 0.28846776 0.9419853 0.11203186 0.39473087 0.80303071 0.29063693 -1
C 104 0.0125 0.72179326 0.71959795 0.86345257 0.70688743 0.8976444 1.0383162 -1
C 105 0.0125 0.75433702 0.74053077 0.13202194 0.7979185 0.77054126 -0.11231394 -1
C 106 0.0125 0.096147561 0.77382891 0.8535436 -0.054800304 0.92455771 0.98391067 -1
C 107 0.0125 0.84695756 -0.097626606 0.64576816 0.89108445 0.14757933 0.62510742 -1
C 108 0.0125 0.35849404 0.087218999 0.072885489 0.53138374 0.22544295 -0.04331817 -1
C 109 0.0125 0.30565199 0.041714174 0.1201559 0.23112547 -0.011184307 0.35285216 -1
C 110 0.0125 0.26871199 0.66655311 0.82234738 0.27329132 0.91050375 0.76787614 -1
C 111 0.0125 0.80978735 0.41992078 0.017521628 0.67540884 0.422122 0.22832384 -1
C 112 0.0125 0.80576441 0.97856642 0.68537605 1.0413078 0.97078655 0.60195681 -1
C 113 0.0125 0.41610713 0.93271966 0.039614642 0.63035845 0.82644321 0.11242733 -1
C 114 0.0125 0.6650091 0.80716238 0.81963577 0.85754439 0.68924218 0.71228127 -1
C 115 0.0125 0.79695211 0.82804308 0.17353996 0.65203745 1.0033802 0.27725418 -1
C 116 0.0125 0.64475779 0.96090512 0.82263459 0.89248313 0.93506941 0.84419086 -1
C 117 0.0125 0.14188927 0.42776225 0.059377553 0.18729845 0.66477019 -0.0059312553 -1
C 118 0.0125 0.83767809 0.71759644 0.75053694 0.70351086 0.9013468 0.85414659 -1
C 119 0.0125 0.81255603 0.88988555 0.53202197 0.68978957 0.74113968 0.69109134 -1
C 120 0.0125 0.67301192 0.90490168 0.82394001 0.7388188 0.88118306 0.58392567 -1
C 121 0.0125 0.20554034 -0.0069221429 0.84833601 0.24207483 0.20879088 0.96930346 -1
C 122 0.0125 0.68173911 0.22969119 1.0036024 0.49667595 0.062255403 0.98887549 -1
C 123 0.0125 0.60844701 0.89889035 0.80280673 0.71949456 0.81141526 0.59661131 -1
C 124 0.0125 0.73573068 0.49405639 0.28554318 0.85469874 0.32311262 0.42383572 -1
C 125 0.0125 0.27450043 0.2432311 0.96654739 0.070169251 0.37417215 0.90652063 -1
C 126 0.0125 0.25176248 0.9173955 0.45068277 0.2383719 0.96847585 0.20632343 -1
C 127 0.0125 0.1825211 0.085334398 0.67340517 0.020758218 0.19058042 0.51448367 -1
C 128 0.0125 0.91869974 0.31482956 1.0762937 1.0470425 0.18406225 0.90621124 -1
C 129 0.0125 1.0316408 0.13429226 0.047269748 0.82348923 0.23754728 -0.044987098 -1
C 130 0.0125 0.72901732 0.4917817 0.88189888 0.58015952 0.34208341 1.0158085 -1
C 131 0.0125 1.0331081 0.19016116 0.11010818 0.94777298 0.29735163 0.3192209 -1
C 132 0.0125 0.67212785 0.90816823 0.89782549 0.81224351 0.70301386 0.86990977 -1
C 133 0.0125 0.14778309 0.87171609 0.2727734 0.37267528 0.97205711 0.31584527 -1
C 134 0.0125 0.7568359 1.0197148 0.48447411 0.636347 0.81131471 0.55194144 -1
C 135 0.0125 0.69827557 0.68183301 0.40672265 0.6145736 0.50003468 0.5565337 -1
C 136 0.0125 0.72678685 0.29676429 0.66389857 0.85286301 0.51245692 0.6729259 -1
C 137 0.0125 0.21138588 0.42803411 0.90842821 0.25548683 0.53273159 0.68573213 -1
C 138 0.0125 0.96477193 0.34681935 0.383686 0.77662418 0.4852796 0.29464006 -1
C 139 0.0125 0.51088473 0.82851509 0.37623812 0.57914586 0.58812361 0.38347365 -1
C 140 0.0125 0.93093276 0.82095794 0.621857 1.0071466 0.6345141 0.7699453 -1
C 141 0.0125 0.51572356 0.8599636 0.23584398 0.52385373 0.84452159 -0.01354616 -1
C 142 0.0125 1.0415575 0.81168031 0.66731766 0.8071236 0.79521483 0.75257986 -1
C 143 0.0125 0.27388658 0.10407529 0.3312804 0.46130974 0.01825628 0.47272881 -1
C 144 0.0125 0.938233 0.15912549 0.76181921 0.8256563 -0.01136383 0.61773632 -1
C 145 0.0125 0.25391541 0.37680056 0.92539355 0.023142258 0.31029084 0.99482129 -1
C 146 0.0125 0.44044521 0.28644003 0.71192231 0.2611408 0.12214477 0.65398272 -1
C 147 0.0125 0.66046331 0.92427058 0.6642184 0.86862865 1.0575711 0.70161044 -1
C 148 0.0125 0.55763354 0.41184087 1.0287357 0.71651018 0.42336399 0.83605605 -1
C 149 0.0125 0.7460887 0.78587792 0.53941742 0.74779629 0.54781519 0.46310738 -1
C 150 0.0125 0.84902676 0.69570216 0.60619345 0.60351112 0.67107681 0.6463887 -1
C 151 0.0125 0.80991638 0.31152943 0.45795112 0.5847213 0.39497307 0.38849368 -1
C 152 0.0125 0.81482119 0.82532191 0.84599862 0.9684173 0.66323612 0.73358673 -1
C 153 0.0125 0.60509949 -0.037059826 0.52482714 0.77007089 0.03723635 0.35230319 -1
C 154 0.0125 0.59052126 0.28290017 0.4803755 0.71398981 0.27584125 0.2631068 -1
C 155 0.0125 0.5899059 0.81239845 0.96937843 0.36090975 0.89151296 0.90772083 -1
C 156 0.0125 0.55769703 0.71532874 0.22692202 0.6063955 0.66883747 -0.013841392 -1
C 157 0.0125 0.88875643 0.77178519 0.63774157 1.0293122 0.9662535 0.70792811 -1
C 158 0.0125 0.25699669 0.60749778 -0.0011420883 0.18455504 0.5421219 0.22902785 -1
C 159 0.0125 0.37613437 0.33691615 0.40798533 0.18201867 0.41997543 0.54185187 -1
C 160 0.0125 0.12427835 0.36837291 0.43987861 0.16412914 0.52916408 0.25264049 -1
C 161 0.0125 0.12342209 0.71771534 0.1508268 0.19810606 0.52141675 0.015220129 -1
C 162 0.0125 0.096624667 0.43139026 0.7585683 0.16387397 0.54948913 0.96840201 -1
C 163 0.0125 0.86970823 0.2508313 0.24510861 0.68668539 0.17589225 0.39803597 -1
C 164 0.0125 1.0677189 0.85538967 0.67984791 0.82552224 0.82340151 0.73292825 -1
C 165 0.0125 0.20820542 0.85589996 0.026781536 0.43377138 0.88204013 0.13136018 -1
C 166 0.0125 0.22230186 0.56066026 0.89622651 0.068048908 0.65853692 1.0668905 -1
C 167 0.0125 0.73916304 0.8560526 0.7441384 0.84750411 0.66475509 0.62511118 -1
C 168 0.0125 0.91241738 0.077975844 0.17859243 1.0745426 0.14480813 0.35677455 -1
C 169 0.0125 0.86294263 0.82274262 0.24859948 0.9637149 0.68747578 0.064078933 -1
C 170 0.0125 0.055705381 0.25367352 0.55129278 0.23472168 0.39586983 0.65245292 -1
C 171 0.0125 0.86279831 0.99239143 0.93859617 0.82428365 0.75809649 0.86034977 -1
C 172 0.0125 0.18224128 0.98589616 0.72983129 0.092771105 0.86211358 0.92775289 -1
C 173 0.0125 0.72552087 0.57780306 0.56165506 0.927618 0.72479168 0.55450686 -1
C 174 0.0125 0.50666498 0.62551617 0.49843944 0.69234447 0.74083251 0.61978717 -1
C 175 0.0125 0.66488787 0.5968056 0.57994869 0.88424048 0.7164641 0.57180759 -1
C 176 0.0125 0.86213055 0.85594129 0.66309699 0.88022967 0.60677867 0.65358859 -1
C 177 0.0125 0.7699062 0.073387428 0.64326773 0.57721535 0.21792619 0.57634401 -1
C 178 0.0125 0.64618337 0.39240259 0.7322553 0.40964404 0.46337137 0.69336341 -1
C 179 0.0125 0.87213606 0.85542571 0.7987177 1.06526 0.77066051 0.6644866 -1
C 180 0.0125 0.4087347 0.077042932 0.38217945 0.23724459 0.21447682 0.50135609 -1
C 181 0.0125 0.5631725 0.63445009 0.19716322 0.66588286 0.67661245 0.42115633 -1
C 182 0.0125 0.91837786 0.89006258 0.86749312 0.84826129 0.74971268 1.0621353 -1
C 183 0.0125 0.65657361 0.83907629 0.81540546 0.79492203 0.75732896 0.62389283 -1
C 184 0.0125 0.69136172 0.58393838 0.66422238 0.67935549 0.462197 0.88224735 -1
C 185 0.0125 0.74715119 0.82935525 0.84330476 0.51239977 0.7809079 0.91433028 -1
C 186 0.0125 0.89681729 0.49733293 0.76577129 0.92852907 0.25205794 0.80230267 -1
C 187 0.0125 0.70734658 0.83540018 0.7467914 0.55625232 0.94668944 0.9119738 -1
C 188 0.0125 -0.014958626 0.41695525 0.81767656 0.20990051 0.31621399 0.85997983 -1
C 189 0.0125 1.0105741 0.68764201 0.54974898 0.9173683 0.91940872 0.55959153 -1
C 190 0.0125 0.42360874 0.76282944 0.31608125 0.52512635 0.72993192 0.090001775 -1
C 191 0.0125 0.1231749 0.55798018 0.14684581 0.12629085 0.55071828 -0.10302927 -1
C 192 0.0125 0.37070899 0.33888642 0.91074933 0.21559391 0.19935634 0.77301528 -1
C 193 0.0125 0.090936889 0.037352938 0.41356595 0.15154465 0.12697519 0.18818948 -1
C 194 0.0125 0.89568955 0.39783436 0.74973539 0.80646285 0.29168368 0.54171945 -1
C 195 0.0125 0.93254063 0.76841252 0.81888526 0.72884845 0.69889022 0.94607074 -1
C 196 0.0125 0.24940787 0.52093499 0.0021743259 0.097109532 0.61107075 0.17875508 -1
C 197 0.0125 0.87444093 0.66224064 0.60716722 0.66951545 0.52081806 0.58469054 -1
C 198 0.0125 0.29710944 0.60241159 0.57594831 0.20859327 0.40976034 0.44347044 -1
C 199 0.0125 0.70699479 0.057661554 0.075927427 0.89795783 -0.04848191 -0.045590813 -1
