200 
 5.100000
C 0 0.0125 0.86447471 0.66533376 0.68934334 0.67657452 0.66681918 0.85424122 -1
C 1 0.0125 0.70949507 0.92307568 0.63420093 0.48333529 0.98918051 0.71775873 -1
C 2 0.0125 0.030365985 0.043853052 0.80051543 0.17051192 -0.014575852 0.60190733 -1
C 3 0.0125 0.58983755 0.68429517 0.42956544 0.61070665 0.44735859 0.35258793 -1
C 4 0.0125 0.45520037 0.89475867 0.94685323 0.47309342 0.87461912 0.698309 -1
C 5 0.0125 0.93091666 0.64860806 0.32561515 1.0430997 0.87193109 0.31915056 -1
C 6 0.0125 0.70796075 0.64515415 0.2436968 0.47629195 0.64145812 0.14980374 -1
C 7 0.0125 0.92954482 0.70423781 0.57112982 0.76912396 0.59629179 0.72960003 -1
C 8 0.0125 0.52328716 0.7869475 0.76704244 0.66440568 0.59280944 0.69707115 -1
C 9 0.0125 0.30882048 0.1269727 0.38999766 0.42613545 0.16400877 0.17236144 -1
C 10 0.0125 0.65751943 0.24056167 0.38126164 0.72879561 0.29400086 0.14767234 -1
C 11 0.0125 0.89250664 0.49338704 0.4870743 1.0719883 0.33068101 0.54882453 -1
C 12 0.0125 0.3429562 0.85970699 0.78737791 0.4897167 0.79905018 0.59429216 -1
C 13 0.0125 0.79055579 0.58951404 0.37359666 0.67170134 0.80877914 0.35637932 -1
C 14 0.0125 0.89473869 0.57729052 0.33542307 0.78104634 0.73024167 0.17362075 -1
C 15 0.0125 0.23257568 0.53170679 0.62518102 0.0012842291 0.60803958 0.56881109 -1
C 16 0.0125 1.014541 0.56928769 0.26039397 0.78776484 0.62921166 0.1738972 -1
C 17 0.0125 0.7876447 0.83870739 0.79599879 0.82117764 0.82675404 0.54854646 -1
C 18 0.0125 0.36890368 1.0047498 0.089381303 0.42894721 0.85473269 0.28014202 -1
C 19 0.0125 0.77690165 0.89305966 0.20333058 1.0234557 0.85245638 0.19542761 -1
C 20 0.0125 1.045175 0.19575259 0.093420145 0.88117143 0.32773887 0.22826252 -1
C 21 0.0125 0.8224902 0.73231402 0.28145709 0.6065602 0.85572863 0.25609838 -1
C 22 0.0125 0.85316987 0.54590699 0.38432368 0.90742073 0.61320827 0.61890284 -1
C 23 0.0125 0.95840133 1.0487677 0.66283994 0.92847671 0.8447517 0.52148233 -1
C 24 0.0125 1.076727 0.78751577 0.41000521 0.83927879 0.79848235 0.48745239 -1
C 25 0.0125 0.83712614 0.72795811 0.45017146 0.63104871 0.83285063 0.54519594 -1
C 26 0.0125 0.85491241 0.47218551 0.79384178 0.76010812 0.69322205 0.72561427 -1
C 27 0.0125 0.68077278 0.8099305 0.56668289 0.57936117 1.0209449 0.65436758 -1
C 28 0.0125 0.0070586631 0.17277654 0.69625424 0.036828725 0.1497761 0.94340748 -1
C 29 0.0125 0.9122948 0.51320641 0.95600848 0.87268069 0.6324088 0.73985688 -1
C 30 0.0125 0.33234246 0.93258219 0.013937575 0.31288107 0.68336942 0.010162521 -1
C 31 0.0125 0.74699842 0.69430263 0.8442063 0.54680806 0.84226005 0.82113206 -1
C 32 0.0125 0.38777368 0.71707293 0.69298056 0.53368283 0.53008123 0.7720035 -1
C 33 0.0125 0.8939268 0.73160842 0.44618764 0.81337463 0.65703746 0.67079957 -1
C 34 0.0125 0.26078421 0.4537099 0.083231019 0.46789853 0.31583341 0.10759769 -1
C 35 0.0125 0.71441172 0.20860717 0.3818339 0.58300842 0.41524163 0.33148143 -1
C 36 0.0125 0.85393232 0.89841894 0.057505846 1.0899495 0.96060612 0.11162302 -1
C 37 0.0125 0.12382314 0.078009783 0.93629067 0.20177719 0.3109636 0.98272002 -1
C 38 0.0125 0.87411708 0.6184164 0.69609132 0.77095708 0.51769103 0.90032749 -1
C 39 0.0125 0.31916415 0.1076551 0.68827764 0.17487075 0.21795525 0.86007197 -1
C 40 0.0125 0.18776139 1.0623435 0.37409907 0.091590463 0.86123587 0.26093162 -1
C 41 0.0125 0.76064226 0.37667025 0.9206538 0.87660372 0.55604423 0.79073878 -1
C 42 0.0125 0.058262519 0.75262563 0.2443338 0.29027042 0.84559815 0.24966716 -1
C 43 0.0125 0.88469027 0.55348261 0.5147083 1.0873231 0.68524644 0.45084716 -1
C 44 0.0125 0.29403439 0.95579786 0.51793901 0.49437351 0.87412806 0.64321583 -1
C 45 0.0125 0.2032383 0.44672919 0.26017996 -0.037764731 0.45205462 0.19392907 -1
C 46 0.0125 0.10580127 0.57091045 -0.0038044391 0.25647601 0.47404994 0.170595 -1
C 47 0.0125 0.98858596 0.90208757 0.78959098 0.90904985 0.78164644 0.58546371 -1
C 48 0.0125 0.071986128 0.93715094 0.25311934 0.13055854 0.89989118 0.493288 -1
C 49 0.0125 0.70375798 0.90341954 0.46430568 0.46594777 0.87442493 0.3928521 -1
C 50 0.0125 0.93670396 0.5187289 0.59598482 0.87816619 0.51869185 0.83903488 -1
C 51 0.0125 0.71609372 0.96326404 0.57380263 0.77147008 0.72677755 0.51457765 -1
C 52 0.0125 0.93482684 0.75214303 0.5128383 0.70626595 0.85342602 0.51413297 -1
C 53 0.0125 0.90631422 0.50089653 0.067743117 0.76568681 0.34666088 0.2053487 -1
C 54 0.0125 0.69642982 0.68860335 0.54017668 0.82633634 0.78825176 0.72910654 -1
C 55 0.0125 0.27788027 0.23351041 0.74898375 0.082955802 0.26696744 0.90190556 -1
C 56 0.0125 0.4621173 0.21224911 0.54723947 0.24914243 0.17048783 0.42315201 -1
C 57 0.0125 0.017770079 0.15984516 0.41540885 0.19541167 0.017529845 0.51880042 -1
C 58 0.0125 0.30529765 0.90174657 0.4913352 0.32159884 0.8453645 0.73434823 -1
C 59 0.0125 0.63748792 0.82452471 0.23905049 0.50283934 0.61393055 0.2345946 -1
C 60 0.0125 0.81845591 0.59269871 0.40421096 0.69520252 0.65615549 0.61225384 -1
C 61 0.0125 0.54333172 0.38222311 0.63312991 0.58916966 0.28155399 0.4089322 -1
C 62 0.0125 0.94818229 0.92063202 0.34023523 0.99787642 0.81171807 0.55970788 -1
C 63 0.0125 0.68446673 0.80165326 0.20311629 0.6224889 0.67327481 0.40848845 -1
C 64 0.0125 0.74715984 0.49958698 0.6707437 0.72395382 0.40819591 0.90228021 -1
C 65 0.0125 0.11306217 0.85275241 -0.021004365 0.091983832 0.64812414 0.12106243 -1
C 66 0.0125 0.65601946 0.50580639 0.35178929 0.57436875 0.32069847 0.20492806 -1
C 67 0.0125 0.41582327 0.36536373 0.055572225 0.60622586 0.48867943 0.16064407 -1
C 68 0.0125 0.72367586 0.71137664 0.24041214 0.89479461 0.58051586 0.36727359 -1
C 69 0.0125 0.84738707 0.80773853 0.71279889 0.9015273 0.97928711 0.88640742 -1
C 70 0.0125 0.59874235 0.40783204 0.81093701 0.72532999 0.19746936 0.76378712 -1
C 71 0.0125 0.18643983 0.10809723 0.47052376 -0.018658188 0.077947133 0.33078911 -1
C 72 0.0125 0.70356663 0.69369188 0.871637 0.52848107 0.75725575 1.0383844 -1
C 73 0.0125 0.41566364 0.77792676 0.38166333 0.47306336 0.68566196 0.60681323 -1
C 74 0.0125 0.4188594 0.25903542 0.88557772 0.55494687 0.16322207 1.0721253 -1
C 75 0.0125 0.5580273 0.59023391 0.30778124 0.72501696 0.74322715 0.20191566 -1
C 76 0.0125 0.48849674 0.14140995 -0.016391659 0.69533814 0.18684698 0.11646959 -1
C 77 0.0125 0.74418617 0.39638347 0.71900635 0.81166842 0.62099503 0.80558457 -1
C 78 0.0125 0.90798448 0.63469027 0.59879049 0.69307013 0.61393242 0.72481007 -1
C 79 0.0125 0.51814379 0.26668895 1.0721474 0.34633162 0.21791241 0.89721479 -1
C 80 0.0125 0.65272458 0.66196799 0.61425278 0.49260244 0.62005837 0.80161468 -1
C 81 0.0125 0.63157335 0.88474588 0.77619496 0.68040396 0.76947635 0.55979601 -1
C 82 0.0125 0.55735085 -0.062944389 0.52154115 0.54455607 0.07332889 0.73074413 -1
C 83 0.0125 0.68351313 0.60196185 0.55010342 0.77789258 0.57322984 0.32039275 -1
C 84 0.0125 0.76776704 0.72681462 0.80236309 1.0084846 0.77784139 0.84653668 -1
C 85 0.0125 0.29140973 0.86052815 0.96688739 0.066358038 0.96244864 1.005149 -1
C 86 0.0125 0.48331014 0.88159996 0.172011 0.56782954 0.83306023 0.40222908 -1
C 87 0.0125 0.7725294 0.9179475 -0.055900166 0.57963651 0.84484988 0.08534101 -1
C 88 0.0125 0.89119191 0.37507045 -0.09314055 0.77468631 0.40888882 0.12545214 -1
C 89 0.0125 0.4354247 0.26028323 0.16757128 0.43208304 0.37103571 0.39167554 -1
C 90 0.0125 0.31996815 0.87073011 0.40961481 0.20539463 0.9235004 0.62545782 -1
C 91 0.0125 0.91667407 0.43080193 0.85941519 0.7383668 0.51096538 1.0152367 -1
C 92 0.0125 0.57960389 0.43348248 0.8802762 0.52908555 0.19332526 0.927946 -1
C 93 0.0125 0.62406205 0.48550476 0.59798563 0.85296153 0.57016476 0.65218634 -1
C 94 0.0125 0.93259534 0.75356204 0.55022462 0.75223647 0.92627651 0.56207313 -1
C 95 0.0125 0.50880023 0.26142857 0.16401223 0.56063777 0.47369597 0.28548412 -1
C 96 0.0125 0.85494104 0.45397129 0.64178554 0.80614979 0.68950345 0.57363849 -1
C 97 0.0125 0.82053734 0.69575932 0.15880267 0.68830095 0.60683136 0.35143018 -1
C 98 0.0125 0.59666813 0.41073797 0.64496887 0.61134237 0.6361714 0.75204099 -1
C 99 0.0125 0.25307923 -0.018540422 0.36650035 0.47174023 0.068042789 0.28170229 -1
C 100 0.0125 0.81856419 0.67020222 0.89258758 0.770891 0.70977792 0.65038719 -1
C 101 0.0125 0.68943745 0.87570827 0.59920905 0.88878902 0.72640382 0.57759577 -1
C 102 0.0125 0.94827782 0.30897944 0.75337177 0.79243736 0.48490493 0.83860071 -1
C 103 0.0125 1.035868 0.12258313 0.56794244 0.79692947 0.051710943 0.58757672 -1
C 104 0.0125 0.59151703 0.11368186 0.53649504 0.65416885 -0.048748155 0.71591421 -1
C 105 0.0125 0.93120801 0.30010672 0.74426975 0.77256923 0.48054883 0.81336665 -1
C 106 0.0125 0.12874115 0.072646783 0.55222957 0.077704843 0.27397468 0.69137833 -1
C 107 0.0125 0.64353645 0.78811007 1.0101293 0.50810906 0.95580229 0.88348515 -1
C 108 0.0125 0.3859447 0.10960217 0.85070402 0.55587834 -0.018618273 0.7196236 -1
C 109 0.0125 0.61620403 0.78598239 0.29889799 0.76992284 0.96657268 0.37800345 -1
C 110 0.0125 0.26481473 1.0047566 0.72976731 0.44235919 0.86546542 0.62217578 -1
C 111 0.0125 0.2321424 0.63429216 0.23104576 0.060701417 0.75035409 0.090911471 -1
C 112 0.0125 0.95075009 0.69339548 0.72008364 0.93357792 0.48393052 0.85547029 -1
C 113 0.0125 0.53650045 0.01687117 0.81536022 0.71252394 0.098160954 0.65753848 -1
C 114 0.0125 0.61188289 0.50952415 0.58659574 0.82882283 0.5878596 0.49015601 -1
C 115 0.0125 0.55727922 0.61214828 0.27274817 0.46724486 0.84077888 0.2266845 -1
C 116 0.0125 0.25535077 0.1357816 0.91903187 0.22124254 -0.07928001 0.79621033 -1
C 117 0.0125 0.81965166 0.24189858 0.97824666 0.87291534 0.43937608 0.83449124 -1
C 118 0.0125 0.82322756 0.54472121 0.56285199 0.59484578 0.59175203 0.65301776 -1
C 119 0.0125 0.46193085 -0.013061862 0.083690893 0.46762953 0.21774662 -0.012199509 -1
C 120 0.0125 0.57132271 0.56085399 0.64413755 0.5800812 0.781126 0.52622433 -1
C 121 0.0125 0.067329318 0.13239269 0.13232379 0.16688606 0.32909342 0.01443708 -1
C 122 0.0125 0.89095401 0.2256981 0.3917309 0.99692277 0.19332502 0.1676269 -1
C 123 0.0125 0.51302947 0.54560608 0.40637601 0.52835031 0.68636076 0.61241822 -1
C 124 0.0125 0.22956661 0.10476662 0.60067722 0.14537161 0.18306771 0.82266852 -1
C 125 0.0125 0.47496904 0.44962477 0.10799109 0.35686018 0.43659169 0.32794662 -1
C 126 0.0125 0.87944257 0.01325861 0.80564797 1.0781025 0.16482675 0.7978172 -1
C 127 0.0125 0.47843622 0.62214613 0.23931091 0.50283948 0.81090399 0.077215414 -1
C 128 0.0125 1.0632926 0.71337145 0.13616667 0.83511744 0.75939093 0.044962016 -1
C 129 0.0125 0.34036751 0.82403396 0.30536448 0.34472451 0.96298533 0.51314691 -1
C 130 0.0125 0.12884501 0.056644347 0.56857711 0.37204988 0.01380992 0.52963349 -1
C 131 0.0125 0.24781622 0.26736478 0.77963905 -0.0015254937 0.28548391 0.78027649 -1
C 132 0.0125 0.9577435 0.50184603 0.78129529 0.72616107 0.45031481 0.70246565 -1
C 133 0.0125 0.66923197 0.50039799 0.64582741 0.72763281 0.31234364 0.79985631 -1
C 134 0.0125 0.48792787 0.769195 0.6426042 0.67584183 0.72568947 0.80165014 -1
C 135 0.0125 0.71424448 0.21472914 0.1641379 0.67570038 -0.020088556 0.24078647 -1
C 136 0.0125 0.031872528 0.51591642 0.48431104 0.24700662 0.63475682 0.53007439 -1
C 137 0.0125 0.99795172 0.88799547 0.65691579 0.75753046 0.87676904 0.72452926 -1
C 138 0.0125 0.97886939 0.20674064 0.29440638 0.86341024 0.26845648 0.50738605 -1
C 139 0.0125 0.24278684 0.88194912 0.66829043 0.0032326721 0.9398727 0.71022682 -1
C 140 0.0125 0.81497144 0.77512251 0.55417851 0.97819562 0.5887066 0.58744972 -1
C 141 0.0125 1.0238618 0.25871797 0.71012983 0.89040438 0.10390959 0.56617329 -1
C 142 0.0125 0.88210937 0.80084541 0.60538274 0.75112339 0.5879795 0.61093065 -1
C 143 0.0125 0.43851859 0.17595667 0.45510652 0.36274241 0.32409018 0.26852026 -1
C 144 0.0125 -0.041153091 0.27442927 0.8997746 0.058777829 0.13010741 1.0777774 -1
C 145 0.0125 0.24535686 0.083558456 0.32956985 0.23066561 0.098428463 0.57869442 -1
C 146 0.0125 0.611481 0.13570433 0.24136398 0.57527453 0.15145698 0.48822617 -1
C 147 0.0125 0.84132257 0.33004283 0.20563004 0.98223757 0.47385424 0.057436773 -1
C 148 0.0125 0.60246491 0.88499277 0.95389935 0.57911252 0.71988171 0.76763878 -1
C 149 0.0125 0.25227066 0.32911754 0.7482953 0.042107312 0.19714673 0.71804516 -1
C 150 0.0125 0.81336942 0.68254211 0.43485517 0.62182171 0.54893315 0.34564688 -1
C 151 0.0125 0.90678683 0.19911932 0.83817216 0.97927931 0.25523803 0.60558769 -1
C 152 0.0125 0.75168831 0.55050488 0.72313642 0.90702351 0.63401645 0.54594501 -1
C 153 0.0125 0.28825861 0.36914365 0.2211954 0.21296004 0.55314034 0.069619195 -1
C 154 0.0125 0.87372226 0.75170149 0.47613082 0.6464968 0.85558847 0.46740806 -1
C 155 0.0125 0.14462423 0.78311392 -0.01263658 0.077032451 0.72294838 0.22041161 -1
C 156 0.0125 0.42976602 0.62364398 0.22407711 0.26022281 0.6345701 0.40747755 -1
C 157 0.0125 0.80774545 0.71908197 0.52982728 0.72109645 0.94544638 0.59107352 -1
C 158 0.0125 0.59768936 0.79266752 0.070047762 0.42481934 0.95306344 0.1530484 -1
C 159 0.0125 0.76606062 0.93805901 0.65426612 0.66253581 0.71462064 0.69736958 -1
C 160 0.0125 0.75326439 0.35304862 0.42808419 0.53979608 0.29906252 0.54647667 -1
C 161 0.0125 0.71357087 0.47398667 0.89980906 0.8620718 0.30832105 0.78578109 -1
C 162 0.0125 0.99583422 0.46058244 0.23453679 0.75918517 0.47497908 0.15522749 -1
C 163 0.0125 0.40914288 0.23304184 0.27827365 0.5025487 0.45199989 0.35464594 -1
C 164 0.0125 0.84127292 0.840707 0.67208954 0.74632361 0.63029549 0.57611232 -1
C 165 0.0125 0.010775268 0.93334068 0.99341208 0.023260452 0.84579919 0.75957323 -1
C 166 0.0125 -0.086121032 0.70541845 0.48361449 0.1197892 0.62135382 0.36944745 -1
C 167 0.0125 0.64410302 0.62820042 0.59032524 0.82376906 0.65170505 0.41808225 -1
C 168 0.0125 1.098622 0.21351718 0.79743031 0.87386829 0.19122741 0.6902438 -1
C 169 0.0125 0.024456108 0.34012656 0.91618908 0.046123424 0.37567825 0.66968025 -1
C 170 0.0125 0.19343619 0.85480152 0.12677408 0.015650443 0.71490175 0.23317091 -1
C 171 0.0125 0.76992004 0.64117758 0.87444451 0.66640426 0.55507998 0.66379863 -1
C 172 0.0125 0.69005195 0.080199841 0.55273206 0.51777838 0.11788066 0.72993807 -1
C 173 0.0125 0.78936644 0.62393672 0.30556229 0.5562748 0.53775379 0.27834486 -1
C 174 0.0125 0.25483803 0.56980399 0.61608219 0.28637843 0.34908375 0.72916526 -1
C 175 0.0125 0.72391955 0.53025408 0.34795621 0.80385484 0.76464607 0.31374004 -1
C 176 0.0125 0.73797629 0.73311401 0.55711975 0.90352188 0.60332485 0.4220293 -1
C 177 0.0125 0.89473974 0.36401585 0.81230181 0.66003761 0.44741562 0.79086848 -1
C 178 0.0125 0.51912396 0.81751877 0.65328364 0.73290197 0.68806379 0.65963753 -1
C 179 0.0125 0.7385481 0.65713538 0.67021268 0.9656314 0.75880527 0.6457912 -1
C 180 0.0125 0.65060208 0.66999215 0.39512504 0.65200524 0.42037952 0.40896562 -1
C 181 0.0125 0.077060878 0.59567937 0.25126892 0.30723403 0.57751671 0.3471357 -1
C 182 0.0125 0.74875568 0.6257253 0.75671501 0.86656521 0.56490729 0.96866332 -1
C 183 0.0125 0.59193241 0.53020101 0.59920272 0.73418886 0.68331626 0.46202101 -1
C 184 0.0125 0.58219525 0.41007391 0.26457124 0.59145833 0.6409629 0.3599886 -1
C 185 0.0125 0.62614341 0.12307623 0.18478425 0.37665537 0.13670397 0.19315094 -1
C 186 0.0125 0.12378125 1.0833203 0.50831177 -0.037722631 0.91352605 0.42121187 -1
C 187 0.0125 0.58878262 0.58339185 0.55609243 0.63404633 0.76797182 0.71851605 -1
C 188 0.0125 0.60557615 0.37194886 0.37052884 0.43661282 0.3353031 0.18995066 -1
C 189 0.0125 0.88794726 0.74027146 0.36716344 0.86992944 0.91849996 0.54154796 -1
C 190 0.0125 0.64428686 0.48320093 0.96976654 0.87366303 0.4913372 0.87066874 -1
C 191 0.0125 0.017466862 0.38523718 0.14498523 0.25547038 0.39278102 0.068844464 -1
C 192 0.0125 0.52870908 0.38536389 0.59270815 0.71011384 0.3831624 0.42069806 -1
C 193 0.0125 0.75606191 0.052720486 0.1581049 0.8840537 0.13162108 -0.04162691 -1
C 194 0.0125 1.065933 0.40577315 0.48553638 0.81955913 0.37204048 0.51126618 -1
C 195 0.0125 0.81105152 0.59821648 0.6802303 1.0580745 0.62748594 0.65527141 -1
C 196 0.0125 0.88574535 0.25512465 0.78711555 0.75034954 0.44185913 0.88354277 -1
C 197 0.0125 0.83085059 0.68710978 0.41456088 0.81821048 0.50286224 0.24605844 -1
C 198 0.0125 0.9465244 0.78631887 0.5483155 0.73067285 0.86401749 0.44896244 -1
C 199 0.0125 0.61535131 0.63659757 0.33974339 0.8164276 0.58423391 0.20072405 -1
